Period,Inventory,Arrived,Available,Needed,Succeeded,Failed,Lost
1,0,0,0,0,0,0,0
2,0,100,100,0,0,0,0
3,100,0,100,5,5,0,0
4,95,0,95,6,6,0,0
5,89,8,97,5,5,0,0
6,92,9,101,9,9,0,0
7,92,5,97,6,6,0,0
8,91,11,102,7,7,0,0
9,95,6,101,25,25,0,0
10,76,7,83,32,32,0,0
11,51,34,85,134,85,49,0
12,0,43,43,377,43,334,0
13,0,140,140,581,140,441,0
14,0,203,203,534,203,331,0
15,0,354,354,465,354,111,0
16,0,283,283,519,283,236,0
17,0,329,329,461,329,132,0
18,0,294,294,332,294,38,0
19,0,309,309,274,274,0,0
20,35,265,300,214,214,0,0
21,86,261,347,230,230,0,0
22,117,182,299,158,158,0,0
23,141,162,303,122,122,0,0
24,181,98,279,70,70,0,0
25,209,71,280,55,55,0,0
26,225,31,256,47,47,0,0
27,209,10,219,46,46,0,0
28,173,12,185,47,47,0,0
29,138,10,148,40,40,0,0
30,108,24,132,49,49,0,0
31,83,25,108,32,32,0,0
32,76,44,120,20,20,0,0
33,100,27,127,39,39,0,0
34,88,17,105,48,48,0,0
35,57,36,93,41,41,0,0
36,52,51,103,47,47,0,0
37,56,40,96,71,71,0,0
38,25,51,76,129,76,53,0
39,0,83,83,156,83,73,0
40,0,114,114,196,114,82,0
41,0,125,125,207,125,82,0
42,0,149,149,218,149,69,0
43,0,150,150,253,150,103,0
44,0,162,162,293,162,131,0
45,0,172,172,405,172,233,0
46,0,198,198,399,198,201,0
47,0,245,245,464,245,219,0
48,0,249,249,514,249,265,0
49,0,283,283,572,283,289,0
50,0,301,301,625,301,324,0
51,0,338,338,733,338,395,0
52,0,356,356,818,356,462,0
53,0,417,417,940,417,523,0
54,0,449,449,806,449,357,0
55,0,521,521,757,521,236,0
56,0,428,428,565,428,137,0
57,0,491,491,518,491,27,0
58,0,393,393,434,393,41,0
59,0,462,462,383,383,0,0
60,79,351,430,391,391,0,0
61,39,288,327,386,327,59,0
62,0,317,317,459,317,142,0
63,0,259,259,553,259,294,0
64,0,297,297,669,297,372,0
65,0,302,302,899,302,597,0
66,0,400,400,1229,400,829,0
67,0,469,469,1511,469,1042,0
68,0,670,670,1380,670,710,0
69,0,769,769,1197,769,428,0
70,0,737,737,998,737,261,0
71,0,697,697,739,697,42,0
72,0,657,657,625,625,0,0
73,32,633,665,408,408,0,0
74,257,548,805,320,320,0,0
75,485,291,776,255,255,0,0
76,521,131,652,190,190,0,0
77,462,99,561,160,160,0,0
78,401,28,429,117,117,0,0
79,312,43,355,103,103,0,0
80,252,32,284,80,80,0,0
81,204,36,240,63,63,0,0
82,177,34,211,55,55,0,0
83,156,24,180,93,93,0,0
84,87,30,117,112,112,0,0
85,5,81,86,179,86,93,0
86,0,117,117,224,117,107,0
87,0,126,126,261,126,135,0
88,0,170,170,226,170,56,0
89,0,169,169,213,169,44,0
90,0,167,167,212,167,45,0
91,0,161,161,180,161,19,0
92,0,163,163,178,163,15,0
93,0,154,154,164,154,10,0
94,0,159,159,164,159,5,0
95,0,148,148,125,125,0,0
96,23,143,166,170,166,4,0
97,0,112,112,205,112,93,0
98,0,161,161,199,161,38,0
99,0,126,126,206,126,80,0
100,0,173,173,238,173,65,0
101,0,132,132,280,132,148,0
102,0,190,190,317,190,127,0
103,0,166,166,405,166,239,0
104,0,229,229,953,229,724,0
105,0,227,227,1542,227,1315,0
106,0,545,545,1890,545,1345,0
107,0,747,747,1769,747,1022,0
108,0,1019,1019,1240,1019,221,0
109,0,868,868,910,868,42,0
110,0,874,874,633,633,0,0
111,241,699,940,467,467,0,0
112,473,466,939,387,387,0,0
113,552,336,888,355,355,0,0
114,533,219,752,340,340,0,0
115,412,119,531,352,352,0,0
116,179,152,331,432,331,101,0
117,0,232,232,526,232,294,0
118,0,297,297,685,297,388,0
119,0,275,275,810,275,535,0
120,0,420,420,783,420,363,0
121,0,414,414,658,414,244,0
122,0,470,470,566,470,96,0
123,0,375,375,445,375,70,0
124,0,422,422,409,409,0,0
125,13,338,351,283,283,0,0
126,68,373,441,247,247,0,0
127,194,229,423,209,209,0,0
128,214,157,371,221,221,0,0
129,150,139,289,279,279,0,0
130,10,142,152,374,152,222,0
131,0,243,243,458,243,215,0
132,0,183,183,639,183,456,0
133,0,325,325,618,325,293,0
134,0,313,313,550,313,237,0
135,0,401,401,553,401,152,0
136,0,294,294,459,294,165,0
137,0,380,380,548,380,168,0
138,0,275,275,469,275,194,0
139,0,378,378,478,378,100,0
140,0,271,271,459,271,188,0
141,0,365,365,428,365,63,0
142,0,239,239,521,239,282,0
143,0,342,342,574,342,232,0
144,0,249,249,612,249,363,0
145,0,391,391,757,391,366,0
146,0,298,298,697,298,399,0
147,0,481,481,690,481,209,0
148,0,327,327,660,327,333,0
149,0,472,472,535,472,63,0
150,0,320,320,403,320,83,0
151,0,454,454,415,415,0,0
152,39,297,336,387,336,51,0
153,0,381,381,385,381,4,0
154,0,271,271,444,271,173,0
155,0,306,306,481,306,175,0
156,0,246,246,569,246,323,0
157,0,318,318,553,318,235,0
158,0,302,302,380,302,78,0
159,0,351,351,354,351,3,0
160,0,260,260,332,260,72,0
161,0,309,309,337,309,28,0
162,0,233,233,339,233,106,0
163,0,285,285,318,285,33,0
164,0,202,202,318,202,116,0
165,0,259,259,336,259,77,0
166,0,185,185,286,185,101,0
167,0,253,253,265,253,12,0
168,0,176,176,288,176,112,0
169,0,243,243,261,243,18,0
170,0,169,169,237,169,68,0
171,0,228,228,266,228,38,0
172,0,158,158,205,158,47,0
173,0,217,217,170,170,0,0
174,47,148,195,167,167,0,0
175,28,158,186,134,134,0,0
176,52,148,200,128,128,0,0
177,72,109,181,119,119,0,0
178,62,103,165,129,129,0,0
179,36,103,139,85,85,0,0
180,54,110,164,90,90,0,0
181,74,70,144,63,63,0,0
182,81,82,163,59,59,0,0
183,104,51,155,59,59,0,0
184,96,42,138,55,55,0,0
185,83,49,132,65,65,0,0
186,67,42,109,62,62,0,0
187,47,59,106,68,68,0,0
188,38,59,97,78,78,0,0
189,19,70,89,86,86,0,0
190,3,84,87,126,87,39,0
191,0,95,95,164,95,69,0
192,0,111,111,177,111,66,0
193,0,131,131,187,131,56,0
194,0,137,137,284,137,147,0
195,0,145,145,300,145,155,0
196,0,190,190,275,190,85,0
197,0,196,196,246,196,50,0
198,0,190,190,293,190,103,0
199,0,186,186,317,186,131,0
200,0,199,199,271,199,72,0
201,0,205,205,320,205,115,0
202,0,187,187,377,187,190,0
203,0,223,223,423,223,200,0
204,0,221,221,441,221,220,0
205,0,275,275,365,275,90,0
206,0,254,254,387,254,133,0
207,0,255,255,368,255,113,0
208,0,244,244,378,244,134,0