Period,Inventory,Arrived,Available,Needed,Succeeded,Failed,Lost
1,0,0,0,0,0,0,0
2,0,100,100,0,0,0,0
3,100,0,100,5,5,0,0
4,95,0,95,6,6,0,0
5,89,31,120,5,5,0,0
6,115,0,115,9,9,0,0
7,106,2,108,6,6,0,0
8,102,28,130,7,7,0,0
9,123,0,123,25,25,0,0
10,98,18,116,32,32,0,0
11,84,75,159,134,134,0,0
12,25,0,25,377,25,352,0
13,0,626,626,581,581,0,0
14,45,370,415,534,415,119,0
15,0,623,623,465,465,0,0
16,158,261,419,519,419,100,0
17,0,757,757,461,461,0,0
18,296,520,816,332,332,0,0
19,484,0,484,274,274,0,0
20,210,222,432,214,214,0,0
21,218,391,609,230,230,0,0
22,379,0,379,158,158,0,0
23,221,270,491,122,122,0,0
24,369,0,369,70,70,0,0
25,299,215,514,55,55,0,0
26,459,0,459,47,47,0,0
27,412,0,412,46,46,0,0
28,366,0,366,47,47,0,0
29,319,0,319,40,40,0,0
30,279,0,279,49,49,0,0
31,230,0,230,32,32,0,0
32,198,0,198,20,20,0,0
33,178,0,178,39,39,0,0
34,139,25,164,48,48,0,0
35,116,100,216,41,41,0,0
36,175,0,175,47,47,0,0
37,128,2,130,71,71,0,0
38,59,125,184,129,129,0,0
39,55,77,132,156,132,24,0
40,0,226,226,196,196,0,0
41,30,101,131,207,131,76,0
42,0,350,350,218,218,0,0
43,132,6,138,253,138,115,0
44,0,285,285,293,285,8,0
45,0,191,191,405,191,214,0
46,0,280,280,399,280,119,0
47,0,547,547,464,464,0,0
48,83,39,122,514,122,392,0
49,0,1062,1062,572,572,0,0
50,490,0,490,625,490,135,0
51,0,414,414,733,414,319,0
52,0,449,449,818,449,369,0
53,0,703,703,940,703,237,0
54,0,347,347,806,347,459,0
55,0,1010,1010,757,757,0,0
56,253,48,301,565,301,264,0
57,0,1452,1452,518,518,0,0
58,934,0,934,434,434,0,0
59,500,426,926,383,383,0,0
60,543,0,543,391,391,0,0
61,152,349,501,386,386,0,0
62,115,274,389,459,389,70,0
63,0,214,214,553,214,339,0
64,0,725,725,669,669,0,0
65,56,109,165,899,165,734,0
66,0,824,824,1229,824,405,0
67,0,722,722,1511,722,789,0
68,0,1138,1138,1380,1138,242,0
69,0,892,892,1197,892,305,0
70,0,939,939,998,939,59,0
71,0,1246,1246,739,739,0,0
72,507,292,799,625,625,0,0
73,174,437,611,408,408,0,0
74,203,707,910,320,320,0,0
75,590,64,654,255,255,0,0
76,399,547,946,190,190,0,0
77,756,0,756,160,160,0,0
78,596,0,596,117,117,0,0
79,479,0,479,103,103,0,0
80,376,0,376,80,80,0,0
81,296,0,296,63,63,0,0
82,233,0,233,55,55,0,0
83,178,26,204,93,93,0,0
84,111,14,125,112,112,0,0
85,13,228,241,179,179,0,0
86,62,29,91,224,91,133,0
87,0,470,470,261,261,0,0
88,209,0,209,226,209,17,0
89,0,293,293,213,213,0,0
90,80,102,182,212,182,30,0
91,0,373,373,180,180,0,0
92,193,39,232,178,178,0,0
93,54,87,141,164,141,23,0
94,0,331,331,164,164,0,0
95,167,0,167,125,125,0,0
96,42,197,239,170,170,0,0
97,69,32,101,205,101,104,0
98,0,574,574,199,199,0,0
99,375,0,375,206,206,0,0
100,169,17,186,238,186,52,0
101,0,312,312,280,280,0,0
102,32,190,222,317,222,95,0
103,0,261,261,405,261,144,0
104,0,226,226,953,226,727,0
105,0,554,554,1542,554,988,0
106,0,2286,2286,1890,1890,0,0
107,396,401,797,1769,797,972,0
108,0,2015,2015,1240,1240,0,0
109,775,469,1244,910,910,0,0
110,334,756,1090,633,633,0,0
111,457,998,1455,467,467,0,0
112,988,0,988,387,387,0,0
113,601,347,948,355,355,0,0
114,593,155,748,340,340,0,0
115,408,124,532,352,352,0,0
116,180,145,325,432,325,107,0
117,0,288,288,526,288,238,0
118,0,479,479,685,479,206,0
119,0,308,308,810,308,502,0
120,0,829,829,783,783,0,0
121,46,283,329,658,329,329,0
122,0,720,720,566,566,0,0
123,154,233,387,445,387,58,0
124,0,554,554,409,409,0,0
125,145,184,329,283,283,0,0
126,46,514,560,247,247,0,0
127,313,54,367,209,209,0,0
128,158,505,663,221,221,0,0
129,442,0,442,279,279,0,0
130,163,145,308,374,308,66,0
131,0,275,275,458,275,183,0
132,0,392,392,639,392,247,0
133,0,316,316,618,316,302,0
134,0,957,957,550,550,0,0
135,407,0,407,553,407,146,0
136,0,714,714,459,459,0,0
137,255,435,690,548,548,0,0
138,142,0,142,469,142,327,0
139,0,1420,1420,478,478,0,0
140,942,0,942,459,459,0,0
141,483,401,884,428,428,0,0
142,456,0,456,521,456,65,0
143,0,257,257,574,257,317,0
144,0,900,900,612,612,0,0
145,288,0,288,757,288,469,0
146,0,682,682,697,682,15,0
147,0,744,744,690,690,0,0
148,54,162,216,660,216,444,0
149,0,1321,1321,535,535,0,0
150,786,0,786,403,403,0,0
151,383,0,383,415,383,32,0
152,0,388,388,387,387,0,0
153,1,627,628,385,385,0,0
154,243,29,272,444,272,172,0
155,0,544,544,481,481,0,0
156,63,338,401,569,401,168,0
157,0,293,293,553,293,260,0
158,0,722,722,380,380,0,0
159,342,12,354,354,354,0,0
160,0,254,254,332,254,78,0
161,0,1022,1022,337,337,0,0
162,685,0,685,339,339,0,0
163,346,72,418,318,318,0,0
164,100,193,293,318,293,25,0
165,0,221,221,336,221,115,0
166,0,328,328,286,286,0,0
167,42,199,241,265,241,24,0
168,0,181,181,288,181,107,0
169,0,447,447,261,261,0,0
170,186,152,338,237,237,0,0
171,101,57,158,266,158,108,0
172,0,361,361,205,205,0,0
173,156,256,412,170,170,0,0
174,242,0,242,167,167,0,0
175,75,356,431,134,134,0,0
176,297,47,344,128,128,0,0
177,216,0,216,119,119,0,0
178,97,210,307,129,129,0,0
179,178,0,178,85,85,0,0
180,93,152,245,90,90,0,0
181,155,0,155,63,63,0,0
182,92,342,434,59,59,0,0
183,375,0,375,59,59,0,0
184,316,0,316,55,55,0,0
185,261,0,261,65,65,0,0
186,196,0,196,62,62,0,0
187,134,48,182,68,68,0,0
188,114,0,114,78,78,0,0
189,36,126,162,86,86,0,0
190,76,55,131,126,126,0,0
191,5,74,79,164,79,85,0
192,0,293,293,177,177,0,0
193,116,35,151,187,151,36,0
194,0,175,175,284,175,109,0
195,0,196,196,300,196,104,0
196,0,553,553,275,275,0,0
197,278,0,278,246,246,0,0
198,32,301,333,293,293,0,0
199,40,194,234,317,234,83,0
200,0,458,458,271,271,0,0
201,187,81,268,320,268,52,0
202,0,161,161,377,161,216,0
203,0,816,816,423,423,0,0
204,393,0,393,441,393,48,0
205,0,306,306,365,306,59,0
206,0,343,343,387,343,44,0
207,0,195,195,368,195,173,0
208,0,825,825,378,378,0,0