Period,Inventory,Arrived,Available,Needed,Succeeded,Failed,Lost
1,0,0,0,0,0,0,0
2,0,100,100,0,0,0,0
3,100,0,100,5,5,0,0
4,95,0,95,6,6,0,0
5,89,31,120,5,5,0,0
6,115,0,115,9,9,0,0
7,106,2,108,6,6,0,0
8,102,28,130,7,7,0,0
9,123,0,123,25,25,0,0
10,98,18,116,32,32,0,0
11,84,75,159,134,134,0,0
12,25,0,25,377,25,352,0
13,0,626,626,581,581,0,0
14,45,392,437,534,437,97,0
15,0,663,663,465,465,0,0
16,198,291,489,519,489,30,0
17,0,696,696,461,461,0,0
18,235,713,948,332,332,0,0
19,616,0,616,274,274,0,0
20,342,200,542,214,214,0,0
21,328,312,640,230,230,0,0
22,410,0,410,158,158,0,0
23,252,306,558,122,122,0,0
24,436,0,436,70,70,0,0
25,366,194,560,55,55,0,0
26,505,0,505,47,47,0,0
27,458,0,458,46,46,0,0
28,412,0,412,47,47,0,0
29,365,0,365,40,40,0,0
30,325,0,325,49,49,0,0
31,276,0,276,32,32,0,0
32,244,0,244,20,20,0,0
33,224,0,224,39,39,0,0
34,185,12,197,48,48,0,0
35,149,71,220,41,41,0,0
36,179,0,179,47,47,0,0
37,132,11,143,71,71,0,0
38,72,112,184,129,129,0,0
39,55,95,150,156,150,6,0
40,0,235,235,196,196,0,0
41,39,100,139,207,139,68,0
42,0,343,343,218,218,0,0
43,125,32,157,253,157,96,0
44,0,279,279,293,279,14,0
45,0,217,217,405,217,188,0
46,0,299,299,399,299,100,0
47,0,531,531,464,464,0,0
48,67,80,147,514,147,367,0
49,0,1037,1037,572,572,0,0
50,465,0,465,625,465,160,0
51,0,454,454,733,454,279,0
52,0,425,425,818,425,393,0
53,0,727,727,940,727,213,0
54,0,364,364,806,364,442,0
55,0,1002,1002,757,757,0,0
56,245,77,322,565,322,243,0
57,0,1431,1431,518,518,0,0
58,913,0,913,434,434,0,0
59,479,491,970,383,383,0,0
60,587,0,587,391,391,0,0
61,196,327,523,386,386,0,0
62,137,306,443,459,443,16,0
63,0,290,290,553,290,263,0
64,0,682,682,669,669,0,0
65,13,230,243,899,243,656,0
66,0,841,841,1229,841,388,0
67,0,705,705,1511,705,806,0
68,0,1187,1187,1380,1187,193,0
69,0,873,873,1197,873,324,0
70,0,1111,1111,998,998,0,0
71,113,1137,1250,739,739,0,0
72,511,434,945,625,625,0,0
73,320,495,815,408,408,0,0
74,407,586,993,320,320,0,0
75,673,124,797,255,255,0,0
76,542,474,1016,190,190,0,0
77,826,0,826,160,160,0,0
78,666,68,734,117,117,0,0
79,617,111,728,103,103,0,0
80,625,47,672,80,80,0,0
81,592,22,614,63,63,0,0
82,551,0,551,55,55,0,0
83,496,0,496,93,93,0,0
84,403,0,403,112,112,0,0
85,291,0,291,179,179,0,0
86,112,46,158,224,158,66,0
87,0,404,404,261,261,0,0
88,143,26,169,226,169,57,0
89,0,343,343,213,213,0,0
90,130,104,234,212,212,0,0
91,22,326,348,180,180,0,0
92,168,98,266,178,178,0,0
93,88,99,187,164,164,0,0
94,23,290,313,164,164,0,0
95,149,32,181,125,125,0,0
96,56,206,262,170,170,0,0
97,92,37,129,205,129,76,0
98,0,546,546,199,199,0,0
99,347,0,347,206,206,0,0
100,141,61,202,238,202,36,0
101,0,296,296,280,280,0,0
102,16,234,250,317,250,67,0
103,0,286,286,405,286,119,0
104,0,236,236,953,236,717,0
105,0,544,544,1542,544,998,0
106,0,2298,2298,1890,1890,0,0
107,408,521,929,1769,929,840,0
108,0,2008,2008,1240,1240,0,0
109,768,670,1438,910,910,0,0
110,528,792,1320,633,633,0,0
111,687,880,1567,467,467,0,0
112,1100,317,1417,387,387,0,0
113,1030,427,1457,355,355,0,0
114,1102,270,1372,340,340,0,0
115,1032,102,1134,352,352,0,0
116,782,205,987,432,432,0,0
117,555,209,764,526,526,0,0
118,238,401,639,685,639,46,0
119,0,600,600,810,600,210,0
120,0,772,772,783,772,11,0
121,0,581,581,658,581,77,0
122,0,702,702,566,566,0,0
123,136,456,592,445,445,0,0
124,147,439,586,409,409,0,0
125,177,235,412,283,283,0,0
126,129,500,629,247,247,0,0
127,382,40,422,209,209,0,0
128,213,465,678,221,221,0,0
129,457,0,457,279,279,0,0
130,178,210,388,374,374,0,0
131,14,239,253,458,253,205,0
132,0,469,469,639,469,170,0
133,0,326,326,618,326,292,0
134,0,947,947,550,550,0,0
135,397,25,422,553,422,131,0
136,0,773,773,459,459,0,0
137,314,414,728,548,548,0,0
138,180,50,230,469,230,239,0
139,0,1337,1337,478,478,0,0
140,859,0,859,459,459,0,0
141,400,499,899,428,428,0,0
142,471,0,471,521,471,50,0
143,0,277,277,574,277,297,0
144,0,884,884,612,612,0,0
145,272,14,286,757,286,471,0
146,0,725,725,697,697,0,0
147,28,701,729,690,690,0,0
148,39,220,259,660,259,401,0
149,0,1285,1285,535,535,0,0
150,750,0,750,403,403,0,0
151,347,60,407,415,407,8,0
152,0,373,373,387,373,14,0
153,0,642,642,385,385,0,0
154,257,55,312,444,312,132,0
155,0,543,543,481,481,0,0
156,62,371,433,569,433,136,0
157,0,360,360,553,360,193,0
158,0,678,678,380,380,0,0
159,298,180,478,354,354,0,0
160,124,198,322,332,322,10,0
161,0,954,954,337,337,0,0
162,617,0,617,339,339,0,0
163,278,232,510,318,318,0,0
164,192,206,398,318,318,0,0
165,80,202,282,336,282,54,0
166,0,326,326,286,286,0,0
167,40,284,324,265,265,0,0
168,59,166,225,288,225,63,0
169,0,414,414,261,261,0,0
170,153,200,353,237,237,0,0
171,116,111,227,266,227,39,0
172,0,312,312,205,205,0,0
173,107,306,413,170,170,0,0
174,243,0,243,167,167,0,0
175,76,364,440,134,134,0,0
176,306,38,344,128,128,0,0
177,216,7,223,119,119,0,0
178,104,221,325,129,129,0,0
179,196,7,203,85,85,0,0
180,118,160,278,90,90,0,0
181,188,12,200,63,63,0,0
182,137,297,434,59,59,0,0
183,375,0,375,59,59,0,0
184,316,0,316,55,55,0,0
185,261,0,261,65,65,0,0
186,196,0,196,62,62,0,0
187,134,52,186,68,68,0,0
188,118,10,128,78,78,0,0
189,50,119,169,86,86,0,0
190,83,55,138,126,126,0,0
191,12,78,90,164,90,74,0
192,0,282,282,177,177,0,0
193,105,63,168,187,168,19,0
194,0,164,164,284,164,120,0
195,0,209,209,300,209,91,0
196,0,543,543,275,275,0,0
197,268,0,268,246,246,0,0
198,22,325,347,293,293,0,0
199,54,187,241,317,241,76,0
200,0,508,508,271,271,0,0
201,237,111,348,320,320,0,0
202,28,112,140,377,140,237,0
203,0,837,837,423,423,0,0
204,414,0,414,441,414,27,0
205,0,306,306,365,306,59,0
206,0,367,367,387,367,20,0
207,0,188,188,368,188,180,0
208,0,848,848,378,378,0,0