Period,Inventory,Arrived,Available,Needed,Succeeded,Failed,Lost
1,0,0,0,0,0,0,0
2,0,100,100,0,0,0,0
3,100,0,100,5,5,0,0
4,95,0,95,6,6,0,0
5,89,11,100,5,5,0,0
6,95,7,102,9,9,0,0
7,93,4,97,6,6,0,0
8,91,13,104,7,7,0,0
9,97,5,102,25,25,0,0
10,77,6,83,32,32,0,0
11,51,44,95,134,95,39,0
12,0,41,41,377,41,336,0
13,0,226,226,581,226,355,0
14,0,448,448,534,448,86,0
15,0,411,411,465,411,54,0
16,0,222,222,519,222,297,0
17,0,372,372,461,372,89,0
18,0,266,266,332,266,66,0
19,0,342,342,274,274,0,0
20,68,217,285,214,214,0,0
21,71,242,313,230,230,0,0
22,83,164,247,158,158,0,0
23,89,182,271,122,122,0,0
24,149,106,255,70,70,0,0
25,185,75,260,55,55,0,0
26,205,23,228,47,47,0,0
27,181,15,196,46,46,0,0
28,150,15,165,47,47,0,0
29,118,21,139,40,40,0,0
30,99,30,129,49,49,0,0
31,80,27,107,32,32,0,0
32,75,47,122,20,20,0,0
33,102,26,128,39,39,0,0
34,89,12,101,48,48,0,0
35,53,38,91,41,41,0,0
36,50,59,109,47,47,0,0
37,62,36,98,71,71,0,0
38,27,50,77,129,77,52,0
39,0,103,103,156,103,53,0
40,0,172,172,196,172,24,0
41,0,103,103,207,103,104,0
42,0,226,226,218,218,0,0
43,8,90,98,253,98,155,0
44,0,229,229,293,229,64,0
45,0,151,151,405,151,254,0
46,0,279,279,399,279,120,0
47,0,320,320,464,320,144,0
48,0,180,180,514,180,334,0
49,0,398,398,572,398,174,0
50,0,242,242,625,242,383,0
51,0,471,471,733,471,262,0
52,0,300,300,818,300,518,0
53,0,628,628,940,628,312,0
54,0,369,369,806,369,437,0
55,0,787,787,757,757,0,0
56,30,178,208,565,208,357,0
57,0,700,700,518,518,0,0
58,182,159,341,434,341,93,0
59,0,473,473,383,383,0,0
60,90,276,366,391,366,25,0
61,0,308,308,386,308,78,0
62,0,302,302,459,302,157,0
63,0,256,256,553,256,297,0
64,0,336,336,669,336,333,0
65,0,390,390,899,390,509,0
66,0,484,484,1229,484,745,0
67,0,722,722,1511,722,789,0
68,0,918,918,1380,918,462,0
69,0,962,962,1197,962,235,0
70,0,535,535,998,535,463,0
71,0,850,850,739,739,0,0
72,111,462,573,625,573,52,0
73,0,654,654,408,408,0,0
74,246,471,717,320,320,0,0
75,397,257,654,255,255,0,0
76,399,159,558,190,190,0,0
77,368,106,474,160,160,0,0
78,314,61,375,117,117,0,0
79,258,60,318,103,103,0,0
80,215,39,254,80,80,0,0
81,174,45,219,63,63,0,0
82,156,37,193,55,55,0,0
83,138,30,168,93,93,0,0
84,75,31,106,112,106,6,0
85,0,105,105,179,105,74,0
86,0,117,117,224,117,107,0
87,0,204,204,261,204,57,0
88,0,154,154,226,154,72,0
89,0,238,238,213,213,0,0
90,25,101,126,212,126,86,0
91,0,199,199,180,180,0,0
92,19,123,142,178,142,36,0
93,0,171,171,164,164,0,0
94,7,136,143,164,143,21,0
95,0,154,154,125,125,0,0
96,29,132,161,170,161,9,0
97,0,110,110,205,110,95,0
98,0,159,159,199,159,40,0
99,0,153,153,206,153,53,0
100,0,148,148,238,148,90,0
101,0,159,159,280,159,121,0
102,0,189,189,317,189,128,0
103,0,226,226,405,226,179,0
104,0,225,225,953,225,728,0
105,0,357,357,1542,357,1185,0
106,0,1030,1030,1890,1030,860,0
107,0,1126,1126,1769,1126,643,0
108,0,1153,1153,1240,1153,87,0
109,0,711,711,910,711,199,0
110,0,895,895,633,633,0,0
111,262,577,839,467,467,0,0
112,372,502,874,387,387,0,0
113,487,297,784,355,355,0,0
114,429,192,621,340,340,0,0
115,281,171,452,352,352,0,0
116,100,193,293,432,293,139,0
117,0,257,257,526,257,269,0
118,0,334,334,685,334,351,0
119,0,374,374,810,374,436,0
120,0,555,555,783,555,228,0
121,0,470,470,658,470,188,0
122,0,412,412,566,412,154,0
123,0,400,400,445,400,45,0
124,0,377,377,409,377,32,0
125,0,359,359,283,283,0,0
126,76,329,405,247,247,0,0
127,158,209,367,209,209,0,0
128,158,170,328,221,221,0,0
129,107,136,243,279,243,36,0
130,0,165,165,374,165,209,0
131,0,252,252,458,252,206,0
132,0,300,300,639,300,339,0
133,0,334,334,618,334,284,0
134,0,566,566,550,550,0,0
135,16,153,169,553,169,384,0
136,0,504,504,459,459,0,0
137,45,164,209,548,209,339,0
138,0,431,431,469,431,38,0
139,0,221,221,478,221,257,0
140,0,422,422,459,422,37,0
141,0,194,194,428,194,234,0
142,0,404,404,521,404,117,0
143,0,174,174,574,174,400,0
144,0,417,417,612,417,195,0
145,0,274,274,757,274,483,0
146,0,460,460,697,460,237,0
147,0,485,485,690,485,205,0
148,0,328,328,660,328,332,0
149,0,470,470,535,470,65,0
150,0,315,315,403,315,88,0
151,0,436,436,415,415,0,0
152,21,271,292,387,292,95,0
153,0,369,369,385,369,16,0
154,0,239,239,444,239,205,0
155,0,323,323,481,323,158,0
156,0,247,247,569,247,322,0
157,0,355,355,553,355,198,0
158,0,377,377,380,377,3,0
159,0,278,278,354,278,76,0
160,0,306,306,332,306,26,0
161,0,253,253,337,253,84,0
162,0,282,282,339,282,57,0
163,0,224,224,318,224,94,0
164,0,257,257,318,257,61,0
165,0,200,200,336,200,136,0
166,0,240,240,286,240,46,0
167,0,199,199,265,199,66,0
168,0,225,225,288,225,63,0
169,0,185,185,261,185,76,0
170,0,219,219,237,219,18,0
171,0,175,175,266,175,91,0
172,0,202,202,205,202,3,0
173,0,170,170,170,170,0,0
174,0,189,189,167,167,0,0
175,22,147,169,134,134,0,0
176,35,149,184,128,128,0,0
177,56,112,168,119,119,0,0
178,49,107,156,129,129,0,0
179,27,101,128,85,85,0,0
180,43,119,162,90,90,0,0
181,72,66,138,63,63,0,0
182,75,79,154,59,59,0,0
183,95,49,144,59,59,0,0
184,85,46,131,55,55,0,0
185,76,49,125,65,65,0,0
186,60,46,106,62,62,0,0
187,44,63,107,68,68,0,0
188,39,58,97,78,78,0,0
189,19,70,89,86,86,0,0
190,3,92,95,126,95,31,0
191,0,97,97,164,97,67,0
192,0,155,155,177,155,22,0
193,0,142,142,187,142,45,0
194,0,145,145,284,145,139,0
195,0,151,151,300,151,149,0
196,0,285,285,275,275,0,0
197,10,121,131,246,131,115,0
198,0,253,253,293,253,40,0
199,0,111,111,317,111,206,0
200,0,283,283,271,271,0,0
201,12,142,154,320,154,166,0
202,0,240,240,377,240,137,0
203,0,165,165,423,165,258,0
204,0,326,326,441,326,115,0
205,0,224,224,365,224,141,0
206,0,329,329,387,329,58,0
207,0,171,171,368,171,197,0
208,0,326,326,378,326,52,0