Period,Inventory,Arrived,Available,Needed,Succeeded,Failed,Lost
1,0,0,0,0,0,0,0
2,0,100,100,0,0,0,0
3,100,0,100,5,5,0,0
4,95,0,95,6,6,0,0
5,89,16,105,5,5,0,0
6,100,6,106,9,9,0,0
7,97,0,97,6,6,0,0
8,91,15,106,7,7,0,0
9,99,3,102,25,25,0,0
10,77,6,83,32,32,0,0
11,51,63,114,134,114,20,0
12,0,31,31,377,31,346,0
13,0,269,269,581,269,312,0
14,0,559,559,534,534,0,0
15,25,324,349,465,349,116,0
16,0,240,240,519,240,279,0
17,0,341,341,461,341,120,0
18,0,338,338,332,332,0,0
19,6,263,269,274,269,5,0
20,0,290,290,214,214,0,0
21,76,237,313,230,230,0,0
22,83,164,247,158,158,0,0
23,89,182,271,122,122,0,0
24,149,106,255,70,70,0,0
25,185,75,260,55,55,0,0
26,205,23,228,47,47,0,0
27,181,15,196,46,46,0,0
28,150,15,165,47,47,0,0
29,118,21,139,40,40,0,0
30,99,30,129,49,49,0,0
31,80,27,107,32,32,0,0
32,75,49,124,20,20,0,0
33,104,21,125,39,39,0,0
34,86,15,101,48,48,0,0
35,53,53,106,41,41,0,0
36,65,55,120,47,47,0,0
37,73,22,95,71,71,0,0
38,24,55,79,129,79,50,0
39,0,121,121,156,121,35,0
40,0,190,190,196,190,6,0
41,0,104,104,207,104,103,0
42,0,227,227,218,218,0,0
43,9,110,119,253,119,134,0
44,0,211,211,293,211,82,0
45,0,171,171,405,171,234,0
46,0,263,263,399,263,136,0
47,0,368,368,464,368,96,0
48,0,216,216,514,216,298,0
49,0,360,360,572,360,212,0
50,0,315,315,625,315,310,0
51,0,410,410,733,410,323,0
52,0,373,373,818,373,445,0
53,0,543,543,940,543,397,0
54,0,472,472,806,472,334,0
55,0,666,666,757,666,91,0
56,0,273,273,565,273,292,0
57,0,635,635,518,518,0,0
58,117,224,341,434,341,93,0
59,0,473,473,383,383,0,0
60,90,276,366,391,366,25,0
61,0,308,308,386,308,78,0
62,0,306,306,459,306,153,0
63,0,252,252,553,252,301,0
64,0,358,358,669,358,311,0
65,0,393,393,899,393,506,0
66,0,502,502,1229,502,727,0
67,0,776,776,1511,776,735,0
68,0,961,961,1380,961,419,0
69,0,927,927,1197,927,270,0
70,0,493,493,998,493,505,0
71,0,892,892,739,739,0,0
72,153,420,573,625,573,52,0
73,0,654,654,408,408,0,0
74,246,471,717,320,320,0,0
75,397,257,654,255,255,0,0
76,399,159,558,190,190,0,0
77,368,106,474,160,160,0,0
78,314,61,375,117,117,0,0
79,258,60,318,103,103,0,0
80,215,39,254,80,80,0,0
81,174,45,219,63,63,0,0
82,156,37,193,55,55,0,0
83,138,30,168,93,93,0,0
84,75,31,106,112,106,6,0
85,0,140,140,179,140,39,0
86,0,97,97,224,97,127,0
87,0,225,225,261,225,36,0
88,0,158,158,226,158,68,0
89,0,243,243,213,213,0,0
90,30,88,118,212,118,94,0
91,0,206,206,180,180,0,0
92,26,117,143,178,143,35,0
93,0,170,170,164,164,0,0
94,6,137,143,164,143,21,0
95,0,154,154,125,125,0,0
96,29,132,161,170,161,9,0
97,0,110,110,205,110,95,0
98,0,159,159,199,159,40,0
99,0,186,186,206,186,20,0
100,0,121,121,238,121,117,0
101,0,188,188,280,188,92,0
102,0,184,184,317,184,133,0
103,0,242,242,405,242,163,0
104,0,213,213,953,213,740,0
105,0,375,375,1542,375,1167,0
106,0,1481,1481,1890,1481,409,0
107,0,757,757,1769,757,1012,0
108,0,1578,1578,1240,1240,0,0
109,338,187,525,910,525,385,0
110,0,1081,1081,633,633,0,0
111,448,391,839,467,467,0,0
112,372,502,874,387,387,0,0
113,487,297,784,355,355,0,0
114,429,192,621,340,340,0,0
115,281,171,452,352,352,0,0
116,100,193,293,432,293,139,0
117,0,263,263,526,263,263,0
118,0,406,406,685,406,279,0
119,0,322,322,810,322,488,0
120,0,656,656,783,656,127,0
121,0,385,385,658,385,273,0
122,0,469,469,566,469,97,0
123,0,343,343,445,343,102,0
124,0,434,434,409,409,0,0
125,25,302,327,283,283,0,0
126,44,361,405,247,247,0,0
127,158,209,367,209,209,0,0
128,158,170,328,221,221,0,0
129,107,136,243,279,243,36,0
130,0,165,165,374,165,209,0
131,0,285,285,458,285,173,0
132,0,306,306,639,306,333,0
133,0,334,334,618,334,284,0
134,0,589,589,550,550,0,0
135,39,262,301,553,301,252,0
136,0,366,366,459,366,93,0
137,0,306,306,548,306,242,0
138,0,334,334,469,334,135,0
139,0,317,317,478,317,161,0
140,0,331,331,459,331,128,0
141,0,285,285,428,285,143,0
142,0,313,313,521,313,208,0
143,0,265,265,574,265,309,0
144,0,390,390,612,390,222,0
145,0,356,356,757,356,401,0
146,0,397,397,697,397,300,0
147,0,569,569,690,569,121,0
148,0,329,329,660,329,331,0
149,0,462,462,535,462,73,0
150,0,320,320,403,320,83,0
151,0,431,431,415,415,0,0
152,16,276,292,387,292,95,0
153,0,369,369,385,369,16,0
154,0,239,239,444,239,205,0
155,0,323,323,481,323,158,0
156,0,285,285,569,285,284,0
157,0,341,341,553,341,212,0
158,0,391,391,380,380,0,0
159,11,323,334,354,334,20,0
160,0,250,250,332,250,82,0
161,0,309,309,337,309,28,0
162,0,226,226,339,226,113,0
163,0,280,280,318,280,38,0
164,0,201,201,318,201,117,0
165,0,256,256,336,256,80,0
166,0,184,184,286,184,102,0
167,0,273,273,265,265,0,0
168,8,149,157,288,157,131,0
169,0,253,253,261,253,8,0
170,0,163,163,237,163,74,0
171,0,230,230,266,230,36,0
172,0,147,147,205,147,58,0
173,0,242,242,170,170,0,0
174,72,114,186,167,167,0,0
175,19,150,169,134,134,0,0
176,35,149,184,128,128,0,0
177,56,112,168,119,119,0,0
178,49,107,156,129,129,0,0
179,27,101,128,85,85,0,0
180,43,118,161,90,90,0,0
181,71,67,138,63,63,0,0
182,75,79,154,59,59,0,0
183,95,49,144,59,59,0,0
184,85,46,131,55,55,0,0
185,76,49,125,65,65,0,0
186,60,46,106,62,62,0,0
187,44,65,109,68,68,0,0
188,41,61,102,78,78,0,0
189,24,66,90,86,86,0,0
190,4,98,102,126,102,24,0
191,0,94,94,164,94,70,0
192,0,164,164,177,164,13,0
193,0,139,139,187,139,48,0
194,0,152,152,284,152,132,0
195,0,146,146,300,146,154,0
196,0,330,330,275,275,0,0
197,55,144,199,246,199,47,0
198,0,177,177,293,177,116,0
199,0,187,187,317,187,130,0
200,0,252,252,271,252,19,0
201,0,196,196,320,196,124,0
202,0,192,192,377,192,185,0
203,0,229,229,423,229,194,0
204,0,304,304,441,304,137,0
205,0,270,270,365,270,95,0
206,0,286,286,387,286,101,0
207,0,208,208,368,208,160,0
208,0,287,287,378,287,91,0