Period,Inventory,Arrived,Available,Needed,Succeeded,Failed,Lost
1,0,0,0,0,0,0,0
2,0,100,100,0,0,0,0
3,100,0,100,5,5,0,0
4,95,0,95,6,6,0,0
5,89,28,117,5,5,0,0
6,112,0,112,9,9,0,0
7,103,23,126,6,6,0,0
8,120,26,146,7,7,0,0
9,139,0,139,25,25,0,0
10,114,36,150,32,32,0,0
11,118,62,180,134,134,0,0
12,46,0,46,377,46,331,0
13,0,804,804,581,581,0,0
14,223,238,461,534,461,73,0
15,0,539,539,465,465,0,0
16,74,411,485,519,485,34,0
17,0,1133,1133,461,461,0,0
18,672,342,1014,332,332,0,0
19,682,3,685,274,274,0,0
20,411,350,761,214,214,0,0
21,547,379,926,230,230,0,0
22,696,0,696,158,158,0,0
23,538,321,859,122,122,0,0
24,737,0,737,70,70,0,0
25,667,388,1055,55,55,0,0
26,1000,0,1000,47,47,0,0
27,953,0,953,46,46,0,0
28,907,0,907,47,47,0,0
29,860,0,860,40,40,0,0
30,820,0,820,49,49,0,0
31,771,0,771,32,32,0,0
32,739,0,739,20,20,0,0
33,719,0,719,39,39,0,0
34,680,0,680,48,48,0,0
35,632,0,632,41,41,0,0
36,591,0,591,47,47,0,0
37,544,0,544,71,71,0,0
38,473,0,473,129,129,0,0
39,344,0,344,156,156,0,0
40,188,31,219,196,196,0,0
41,23,116,139,207,139,68,0
42,0,566,566,218,218,0,0
43,348,0,348,253,253,0,0
44,95,208,303,293,293,0,0
45,10,347,357,405,357,48,0
46,0,163,163,399,163,236,0
47,0,687,687,464,464,0,0
48,223,0,223,514,223,291,0
49,0,1902,1902,572,572,0,0
50,1330,0,1330,625,625,0,0
51,705,0,705,733,705,28,0
52,0,398,398,818,398,420,0
53,0,856,856,940,856,84,0
54,0,269,269,806,269,537,0
55,0,2331,2331,757,757,0,0
56,1574,0,1574,565,565,0,0
57,1009,1282,2291,518,518,0,0
58,1773,0,1773,434,434,0,0
59,1339,327,1666,383,383,0,0
60,1283,0,1283,391,391,0,0
61,892,287,1179,386,386,0,0
62,793,0,793,459,459,0,0
63,334,57,391,553,391,162,0
64,0,835,835,669,669,0,0
65,166,65,231,899,231,668,0
66,0,869,869,1229,869,360,0
67,0,731,731,1511,731,780,0
68,0,1569,1569,1380,1380,0,0
69,189,356,545,1197,545,652,0
70,0,1655,1655,998,998,0,0
71,657,1395,2052,739,739,0,0
72,1313,0,1313,625,625,0,0
73,688,144,832,408,408,0,0
74,424,743,1167,320,320,0,0
75,847,0,847,255,255,0,0
76,592,1260,1852,190,190,0,0
77,1662,0,1662,160,160,0,0
78,1502,0,1502,117,117,0,0
79,1385,0,1385,103,103,0,0
80,1282,0,1282,80,80,0,0
81,1202,0,1202,63,63,0,0
82,1139,0,1139,55,55,0,0
83,1084,0,1084,93,93,0,0
84,991,0,991,112,112,0,0
85,879,0,879,179,179,0,0
86,700,0,700,224,224,0,0
87,476,127,603,261,261,0,0
88,342,0,342,226,226,0,0
89,116,443,559,213,213,0,0
90,346,0,346,212,212,0,0
91,134,454,588,180,180,0,0
92,408,0,408,178,178,0,0
93,230,0,230,164,164,0,0
94,66,370,436,164,164,0,0
95,272,0,272,125,125,0,0
96,147,284,431,170,170,0,0
97,261,0,261,205,205,0,0
98,56,706,762,199,199,0,0
99,563,0,563,206,206,0,0
100,357,0,357,238,238,0,0
101,119,457,576,280,280,0,0
102,296,74,370,317,317,0,0
103,53,190,243,405,243,162,0
104,0,277,277,953,277,676,0
105,0,583,583,1542,583,959,0
106,0,2477,2477,1890,1890,0,0
107,587,96,683,1769,683,1086,0
108,0,2006,2006,1240,1240,0,0
109,766,706,1472,910,910,0,0
110,562,784,1346,633,633,0,0
111,713,629,1342,467,467,0,0
112,875,880,1755,387,387,0,0
113,1368,313,1681,355,355,0,0
114,1326,292,1618,340,340,0,0
115,1278,0,1278,352,352,0,0
116,926,251,1177,432,432,0,0
117,745,297,1042,526,526,0,0
118,516,206,722,685,685,0,0
119,37,853,890,810,810,0,0
120,80,510,590,783,590,193,0
121,0,1010,1010,658,658,0,0
122,352,339,691,566,566,0,0
123,125,629,754,445,445,0,0
124,309,286,595,409,409,0,0
125,186,255,441,283,283,0,0
126,158,777,935,247,247,0,0
127,688,0,688,209,209,0,0
128,479,851,1330,221,221,0,0
129,1109,0,1109,279,279,0,0
130,830,0,830,374,374,0,0
131,456,0,456,458,456,2,0
132,0,384,384,639,384,255,0
133,0,492,492,618,492,126,0
134,0,984,984,550,550,0,0
135,434,18,452,553,452,101,0
136,0,1554,1554,459,459,0,0
137,1095,0,1095,548,548,0,0
138,547,0,547,469,469,0,0
139,78,1726,1804,478,478,0,0
140,1326,0,1326,459,459,0,0
141,867,1451,2318,428,428,0,0
142,1890,0,1890,521,521,0,0
143,1369,0,1369,574,574,0,0
144,795,0,795,612,612,0,0
145,183,155,338,757,338,419,0
146,0,1097,1097,697,697,0,0
147,400,520,920,690,690,0,0
148,230,130,360,660,360,300,0
149,0,2296,2296,535,535,0,0
150,1761,0,1761,403,403,0,0
151,1358,0,1358,415,415,0,0
152,943,0,943,387,387,0,0
153,556,197,753,385,385,0,0
154,368,0,368,444,368,76,0
155,0,932,932,481,481,0,0
156,451,0,451,569,451,118,0
157,0,370,370,553,370,183,0
158,0,750,750,380,380,0,0
159,370,350,720,354,354,0,0
160,366,0,366,332,332,0,0
161,34,1234,1268,337,337,0,0
162,931,0,931,339,339,0,0
163,592,340,932,318,318,0,0
164,614,0,614,318,318,0,0
165,296,111,407,336,336,0,0
166,71,113,184,286,184,102,0
167,0,526,526,265,265,0,0
168,261,0,261,288,261,27,0
169,0,589,589,261,261,0,0
170,328,105,433,237,237,0,0
171,196,42,238,266,238,28,0
172,0,591,591,205,205,0,0
173,386,237,623,170,170,0,0
174,453,0,453,167,167,0,0
175,286,632,918,134,134,0,0
176,784,0,784,128,128,0,0
177,656,0,656,119,119,0,0
178,537,0,537,129,129,0,0
179,408,0,408,85,85,0,0
180,323,67,390,90,90,0,0
181,300,0,300,63,63,0,0
182,237,494,731,59,59,0,0
183,672,0,672,59,59,0,0
184,613,0,613,55,55,0,0
185,558,0,558,65,65,0,0
186,493,0,493,62,62,0,0
187,431,0,431,68,68,0,0
188,363,0,363,78,78,0,0
189,285,0,285,86,86,0,0
190,199,0,199,126,126,0,0
191,73,26,99,164,99,65,0
192,0,341,341,177,177,0,0
193,164,4,168,187,168,19,0
194,0,167,167,284,167,117,0
195,0,234,234,300,234,66,0
196,0,386,386,275,275,0,0
197,111,134,245,246,245,1,0
198,0,0,0,293,0,293,0
199,0,725,725,317,317,0,0
200,408,175,583,271,271,0,0
201,312,63,375,320,320,0,0
202,55,102,157,377,157,220,0
203,0,1118,1118,423,423,0,0
204,695,0,695,441,441,0,0
205,254,225,479,365,365,0,0
206,114,371,485,387,387,0,0
207,98,0,98,368,98,270,0
208,0,1277,1277,378,378,0,0