Period,Inventory,Arrived,Available,Needed,Succeeded,Failed,Lost
1,0,0,0,0,0,0,0
2,0,100,100,0,0,0,0
3,100,0,100,5,5,0,0
4,95,0,95,6,6,0,0
5,89,8,97,5,5,0,0
6,92,9,101,9,9,0,0
7,92,5,97,6,6,0,0
8,91,11,102,7,7,0,0
9,95,6,101,25,25,0,0
10,76,7,83,32,32,0,0
11,51,33,84,134,84,50,0
12,0,45,45,377,45,332,0
13,0,154,154,581,154,427,0
14,0,263,263,534,263,271,0
15,0,373,373,465,373,92,0
16,0,261,261,519,261,258,0
17,0,364,364,461,364,97,0
18,0,251,251,332,251,81,0
19,0,371,371,274,274,0,0
20,97,202,299,214,214,0,0
21,85,228,313,230,230,0,0
22,83,164,247,158,158,0,0
23,89,182,271,122,122,0,0
24,149,113,262,70,70,0,0
25,192,68,260,55,55,0,0
26,205,23,228,47,47,0,0
27,181,15,196,46,46,0,0
28,150,15,165,47,47,0,0
29,118,22,140,40,40,0,0
30,100,31,131,49,49,0,0
31,82,26,108,32,32,0,0
32,76,46,122,20,20,0,0
33,102,31,133,39,39,0,0
34,94,7,101,48,48,0,0
35,53,39,92,41,41,0,0
36,51,52,103,47,47,0,0
37,56,42,98,71,71,0,0
38,27,47,74,129,74,55,0
39,0,87,87,156,87,69,0
40,0,128,128,196,128,68,0
41,0,120,120,207,120,87,0
42,0,168,168,218,168,50,0
43,0,133,133,253,133,120,0
44,0,180,180,293,180,113,0
45,0,166,166,405,166,239,0
46,0,220,220,399,220,179,0
47,0,266,266,464,266,198,0
48,0,229,229,514,229,285,0
49,0,318,318,572,318,254,0
50,0,281,281,625,281,344,0
51,0,376,376,733,376,357,0
52,0,336,336,818,336,482,0
53,0,480,480,940,480,460,0
54,0,422,422,806,422,384,0
55,0,599,599,757,599,158,0
56,0,391,391,565,391,174,0
57,0,542,542,518,518,0,0
58,24,323,347,434,347,87,0
59,0,467,467,383,383,0,0
60,84,282,366,391,366,25,0
61,0,308,308,386,308,78,0
62,0,302,302,459,302,157,0
63,0,259,259,553,259,294,0
64,0,308,308,669,308,361,0
65,0,318,318,899,318,581,0
66,0,425,425,1229,425,804,0
67,0,535,535,1511,535,976,0
68,0,740,740,1380,740,640,0
69,0,818,818,1197,818,379,0
70,0,709,709,998,709,289,0
71,0,763,763,739,739,0,0
72,24,563,587,625,587,38,0
73,0,640,640,408,408,0,0
74,232,485,717,320,320,0,0
75,397,257,654,255,255,0,0
76,399,159,558,190,190,0,0
77,368,106,474,160,160,0,0
78,314,61,375,117,117,0,0
79,258,60,318,103,103,0,0
80,215,39,254,80,80,0,0
81,174,45,219,63,63,0,0
82,156,37,193,55,55,0,0
83,138,30,168,93,93,0,0
84,75,31,106,112,106,6,0
85,0,93,93,179,93,86,0
86,0,114,114,224,114,110,0
87,0,147,147,261,147,114,0
88,0,165,165,226,165,61,0
89,0,187,187,213,187,26,0
90,0,159,159,212,159,53,0
91,0,174,174,180,174,6,0
92,0,152,152,178,152,26,0
93,0,164,164,164,164,0,0
94,0,143,143,164,143,21,0
95,0,154,154,125,125,0,0
96,29,133,162,170,162,8,0
97,0,110,110,205,110,95,0
98,0,163,163,199,163,36,0
99,0,124,124,206,124,82,0
100,0,174,174,238,174,64,0
101,0,129,129,280,129,151,0
102,0,196,196,317,196,121,0
103,0,173,173,405,173,232,0
104,0,236,236,953,236,717,0
105,0,255,255,1542,255,1287,0
106,0,633,633,1890,633,1257,0
107,0,881,881,1769,881,888,0
108,0,1008,1008,1240,1008,232,0
109,0,889,889,910,889,21,0
110,0,911,911,633,633,0,0
111,278,576,854,467,467,0,0
112,387,487,874,387,387,0,0
113,487,297,784,355,355,0,0
114,429,192,621,340,340,0,0
115,281,171,452,352,352,0,0
116,100,195,295,432,295,137,0
117,0,262,262,526,262,264,0
118,0,287,287,685,287,398,0
119,0,315,315,810,315,495,0
120,0,439,439,783,439,344,0
121,0,445,445,658,445,213,0
122,0,438,438,566,438,128,0
123,0,429,429,445,429,16,0
124,0,355,355,409,355,54,0
125,0,381,381,283,283,0,0
126,98,307,405,247,247,0,0
127,158,209,367,209,209,0,0
128,158,170,328,221,221,0,0
129,107,136,243,279,243,36,0
130,0,167,167,374,167,207,0
131,0,234,234,458,234,224,0
132,0,216,216,639,216,423,0
133,0,320,320,618,320,298,0
134,0,389,389,550,389,161,0
135,0,325,325,553,325,228,0
136,0,379,379,459,379,80,0
137,0,301,301,548,301,247,0
138,0,356,356,469,356,113,0
139,0,297,297,478,297,181,0
140,0,349,349,459,349,110,0
141,0,275,275,428,275,153,0
142,0,335,335,521,335,186,0
143,0,255,255,574,255,319,0
144,0,336,336,612,336,276,0
145,0,305,305,757,305,452,0
146,0,387,387,697,387,310,0
147,0,440,440,690,440,250,0
148,0,376,376,660,376,284,0
149,0,431,431,535,431,104,0
150,0,367,367,403,367,36,0
151,0,392,392,415,392,23,0
152,0,315,315,387,315,72,0
153,0,346,346,385,346,39,0
154,0,265,265,444,265,179,0
155,0,303,303,481,303,178,0
156,0,261,261,569,261,308,0
157,0,310,310,553,310,243,0
158,0,335,335,380,335,45,0
159,0,316,316,354,316,38,0
160,0,316,316,332,316,16,0
161,0,243,243,337,243,94,0
162,0,292,292,339,292,47,0
163,0,219,219,318,219,99,0
164,0,271,271,318,271,47,0
165,0,192,192,336,192,144,0
166,0,251,251,286,251,35,0
167,0,186,186,265,186,79,0
168,0,257,257,288,257,31,0
169,0,153,153,261,153,108,0
170,0,251,251,237,237,0,0
171,14,144,158,266,158,108,0
172,0,220,220,205,205,0,0
173,15,156,171,170,170,0,0
174,1,202,203,167,167,0,0
175,36,133,169,134,134,0,0
176,35,149,184,128,128,0,0
177,56,112,168,119,119,0,0
178,49,107,156,129,129,0,0
179,27,101,128,85,85,0,0
180,43,119,162,90,90,0,0
181,72,75,147,63,63,0,0
182,84,70,154,59,59,0,0
183,95,51,146,59,59,0,0
184,87,45,132,55,55,0,0
185,77,49,126,65,65,0,0
186,61,46,107,62,62,0,0
187,45,63,108,68,68,0,0
188,40,58,98,78,78,0,0
189,20,69,89,86,86,0,0
190,3,85,88,126,88,38,0
191,0,96,96,164,96,68,0
192,0,122,122,177,122,55,0
193,0,135,135,187,135,52,0
194,0,137,137,284,137,147,0
195,0,146,146,300,146,154,0
196,0,217,217,275,217,58,0
197,0,174,174,246,174,72,0
198,0,217,217,293,217,76,0
199,0,157,157,317,157,160,0
200,0,224,224,271,224,47,0
201,0,176,176,320,176,144,0
202,0,228,228,377,228,149,0
203,0,174,174,423,174,249,0
204,0,269,269,441,269,172,0
205,0,235,235,365,235,130,0
206,0,295,295,387,295,92,0
207,0,232,232,368,232,136,0
208,0,270,270,378,270,108,0