Period,Inventory,Arrived,Available,Needed,Succeeded,Failed,Lost
1,0,0,0,0,0,0,0
2,0,100,100,0,0,0,0
3,100,0,100,5,5,0,0
4,95,0,95,6,6,0,0
5,89,15,104,5,5,0,0
6,99,5,104,9,9,0,0
7,95,3,98,6,6,0,0
8,92,15,107,7,7,0,0
9,100,2,102,25,25,0,0
10,77,6,83,32,32,0,0
11,51,63,114,134,114,20,0
12,0,24,24,377,24,353,0
13,0,292,292,581,292,289,0
14,0,497,497,534,497,37,0
15,0,353,353,465,353,112,0
16,0,264,264,519,264,255,0
17,0,357,357,461,357,104,0
18,0,330,330,332,330,2,0
19,0,264,264,274,264,10,0
20,0,295,295,214,214,0,0
21,81,232,313,230,230,0,0
22,83,164,247,158,158,0,0
23,89,183,272,122,122,0,0
24,150,105,255,70,70,0,0
25,185,75,260,55,55,0,0
26,205,23,228,47,47,0,0
27,181,15,196,46,46,0,0
28,150,15,165,47,47,0,0
29,118,22,140,40,40,0,0
30,100,29,129,49,49,0,0
31,80,27,107,32,32,0,0
32,75,49,124,20,20,0,0
33,104,21,125,39,39,0,0
34,86,15,101,48,48,0,0
35,53,58,111,41,41,0,0
36,70,40,110,47,47,0,0
37,63,32,95,71,71,0,0
38,24,61,85,129,85,44,0
39,0,111,111,156,111,45,0
40,0,198,198,196,196,0,0
41,2,84,86,207,86,121,0
42,0,250,250,218,218,0,0
43,32,83,115,253,115,138,0
44,0,218,218,293,218,75,0
45,0,169,169,405,169,236,0
46,0,260,260,399,260,139,0
47,0,378,378,464,378,86,0
48,0,180,180,514,180,334,0
49,0,440,440,572,440,132,0
50,0,225,225,625,225,400,0
51,0,504,504,733,504,229,0
52,0,276,276,818,276,542,0
53,0,652,652,940,652,288,0
54,0,359,359,806,359,447,0
55,0,800,800,757,757,0,0
56,43,182,225,565,225,340,0
57,0,683,683,518,518,0,0
58,165,176,341,434,341,93,0
59,0,473,473,383,383,0,0
60,90,276,366,391,366,25,0
61,0,308,308,386,308,78,0
62,0,305,305,459,305,154,0
63,0,257,257,553,257,296,0
64,0,363,363,669,363,306,0
65,0,392,392,899,392,507,0
66,0,510,510,1229,510,719,0
67,0,772,772,1511,772,739,0
68,0,916,916,1380,916,464,0
69,0,938,938,1197,938,259,0
70,0,521,521,998,521,477,0
71,0,881,881,739,739,0,0
72,142,431,573,625,573,52,0
73,0,654,654,408,408,0,0
74,246,471,717,320,320,0,0
75,397,257,654,255,255,0,0
76,399,159,558,190,190,0,0
77,368,106,474,160,160,0,0
78,314,61,375,117,117,0,0
79,258,60,318,103,103,0,0
80,215,39,254,80,80,0,0
81,174,45,219,63,63,0,0
82,156,37,193,55,55,0,0
83,138,30,168,93,93,0,0
84,75,31,106,112,106,6,0
85,0,151,151,179,151,28,0
86,0,89,89,224,89,135,0
87,0,248,248,261,248,13,0
88,0,132,132,226,132,94,0
89,0,271,271,213,213,0,0
90,58,56,114,212,114,98,0
91,0,214,214,180,180,0,0
92,34,108,142,178,142,36,0
93,0,171,171,164,164,0,0
94,7,136,143,164,143,21,0
95,0,154,154,125,125,0,0
96,29,132,161,170,161,9,0
97,0,110,110,205,110,95,0
98,0,170,170,199,170,29,0
99,0,162,162,206,162,44,0
100,0,140,140,238,140,98,0
101,0,179,179,280,179,101,0
102,0,193,193,317,193,124,0
103,0,227,227,405,227,178,0
104,0,224,224,953,224,729,0
105,0,361,361,1542,361,1181,0
106,0,1525,1525,1890,1525,365,0
107,0,546,546,1769,546,1223,0
108,0,1809,1809,1240,1240,0,0
109,569,47,616,910,616,294,0
110,0,990,990,633,633,0,0
111,357,482,839,467,467,0,0
112,372,502,874,387,387,0,0
113,487,297,784,355,355,0,0
114,429,192,621,340,340,0,0
115,281,171,452,352,352,0,0
116,100,193,293,432,293,139,0
117,0,264,264,526,264,262,0
118,0,409,409,685,409,276,0
119,0,305,305,810,305,505,0
120,0,655,655,783,655,128,0
121,0,392,392,658,392,266,0
122,0,486,486,566,486,80,0
123,0,326,326,445,326,119,0
124,0,451,451,409,409,0,0
125,42,285,327,283,283,0,0
126,44,361,405,247,247,0,0
127,158,209,367,209,209,0,0
128,158,170,328,221,221,0,0
129,107,136,243,279,243,36,0
130,0,165,165,374,165,209,0
131,0,287,287,458,287,171,0
132,0,297,297,639,297,342,0
133,0,346,346,618,346,272,0
134,0,581,581,550,550,0,0
135,31,262,293,553,293,260,0
136,0,388,388,459,388,71,0
137,0,301,301,548,301,247,0
138,0,339,339,469,339,130,0
139,0,345,345,478,345,133,0
140,0,284,284,459,284,175,0
141,0,332,332,428,332,96,0
142,0,266,266,521,266,255,0
143,0,312,312,574,312,262,0
144,0,381,381,612,381,231,0
145,0,323,323,757,323,434,0
146,0,442,442,697,442,255,0
147,0,550,550,690,550,140,0
148,0,342,342,660,342,318,0
149,0,485,485,535,485,50,0
150,0,297,297,403,297,106,0
151,0,454,454,415,415,0,0
152,39,253,292,387,292,95,0
153,0,369,369,385,369,16,0
154,0,239,239,444,239,205,0
155,0,325,325,481,325,156,0
156,0,279,279,569,279,290,0
157,0,338,338,553,338,215,0
158,0,411,411,380,380,0,0
159,31,289,320,354,320,34,0
160,0,264,264,332,264,68,0
161,0,295,295,337,295,42,0
162,0,240,240,339,240,99,0
163,0,270,270,318,270,48,0
164,0,221,221,318,221,97,0
165,0,236,236,336,236,100,0
166,0,204,204,286,204,82,0
167,0,246,246,265,246,19,0
168,0,176,176,288,176,112,0
169,0,234,234,261,234,27,0
170,0,182,182,237,182,55,0
171,0,209,209,266,209,57,0
172,0,168,168,205,168,37,0
173,0,225,225,170,170,0,0
174,55,131,186,167,167,0,0
175,19,150,169,134,134,0,0
176,35,149,184,128,128,0,0
177,56,112,168,119,119,0,0
178,49,107,156,129,129,0,0
179,27,101,128,85,85,0,0
180,43,120,163,90,90,0,0
181,73,65,138,63,63,0,0
182,75,79,154,59,59,0,0
183,95,49,144,59,59,0,0
184,85,46,131,55,55,0,0
185,76,49,125,65,65,0,0
186,60,46,106,62,62,0,0
187,44,69,113,68,68,0,0
188,45,56,101,78,78,0,0
189,23,72,95,86,86,0,0
190,9,90,99,126,99,27,0
191,0,96,96,164,96,68,0
192,0,166,166,177,166,11,0
193,0,143,143,187,143,44,0
194,0,149,149,284,149,135,0
195,0,156,156,300,156,144,0
196,0,304,304,275,275,0,0
197,29,137,166,246,166,80,0
198,0,221,221,293,221,72,0
199,0,143,143,317,143,174,0
200,0,298,298,271,271,0,0
201,27,134,161,320,161,159,0
202,0,227,227,377,227,150,0
203,0,204,204,423,204,219,0
204,0,301,301,441,301,140,0
205,0,266,266,365,266,99,0
206,0,292,292,387,292,95,0
207,0,202,202,368,202,166,0
208,0,308,308,378,308,70,0