Period,Inventory,Arrived,Available,Needed,Succeeded,Failed,Lost
1,0,0,0,0,0,0,0
2,0,100,100,0,0,0,0
3,100,0,100,5,5,0,0
4,95,0,95,6,6,0,0
5,89,30,119,5,5,0,0
6,114,0,114,9,9,0,0
7,105,1,106,6,6,0,0
8,100,30,130,7,7,0,0
9,123,0,123,25,25,0,0
10,98,24,122,32,32,0,0
11,90,71,161,134,134,0,0
12,27,0,27,377,27,350,0
13,0,644,644,581,581,0,0
14,63,365,428,534,428,106,0
15,0,648,648,465,465,0,0
16,183,287,470,519,470,49,0
17,0,674,674,461,461,0,0
18,213,621,834,332,332,0,0
19,502,46,548,274,274,0,0
20,274,162,436,214,214,0,0
21,222,340,562,230,230,0,0
22,332,0,332,158,158,0,0
23,174,319,493,122,122,0,0
24,371,0,371,70,70,0,0
25,301,264,565,55,55,0,0
26,510,0,510,47,47,0,0
27,463,0,463,46,46,0,0
28,417,0,417,47,47,0,0
29,370,0,370,40,40,0,0
30,330,0,330,49,49,0,0
31,281,0,281,32,32,0,0
32,249,0,249,20,20,0,0
33,229,0,229,39,39,0,0
34,190,0,190,48,48,0,0
35,142,86,228,41,41,0,0
36,187,0,187,47,47,0,0
37,140,0,140,71,71,0,0
38,69,91,160,129,129,0,0
39,31,119,150,156,150,6,0
40,0,228,228,196,196,0,0
41,32,115,147,207,147,60,0
42,0,356,356,218,218,0,0
43,138,19,157,253,157,96,0
44,0,272,272,293,272,21,0
45,0,223,223,405,223,182,0
46,0,275,275,399,275,124,0
47,0,567,567,464,464,0,0
48,103,44,147,514,147,367,0
49,0,1122,1122,572,572,0,0
50,550,0,550,625,550,75,0
51,0,320,320,733,320,413,0
52,0,525,525,818,525,293,0
53,0,605,605,940,605,335,0
54,0,471,471,806,471,335,0
55,0,926,926,757,757,0,0
56,169,148,317,565,317,248,0
57,0,1552,1552,518,518,0,0
58,1034,0,1034,434,434,0,0
59,600,487,1087,383,383,0,0
60,704,0,704,391,391,0,0
61,313,83,396,386,386,0,0
62,10,391,401,459,401,58,0
63,0,299,299,553,299,254,0
64,0,666,666,669,666,3,0
65,0,191,191,899,191,708,0
66,0,775,775,1229,775,454,0
67,0,751,751,1511,751,760,0
68,0,1146,1146,1380,1146,234,0
69,0,912,912,1197,912,285,0
70,0,1040,1040,998,998,0,0
71,42,1110,1152,739,739,0,0
72,413,465,878,625,625,0,0
73,253,519,772,408,408,0,0
74,364,438,802,320,320,0,0
75,482,309,791,255,255,0,0
76,536,383,919,190,190,0,0
77,729,48,777,160,160,0,0
78,617,86,703,117,117,0,0
79,586,25,611,103,103,0,0
80,508,0,508,80,80,0,0
81,428,0,428,63,63,0,0
82,365,0,365,55,55,0,0
83,310,0,310,93,93,0,0
84,217,0,217,112,112,0,0
85,105,131,236,179,179,0,0
86,57,49,106,224,106,118,0
87,0,488,488,261,261,0,0
88,227,0,227,226,226,0,0
89,1,262,263,213,213,0,0
90,50,167,217,212,212,0,0
91,5,358,363,180,180,0,0
92,183,65,248,178,178,0,0
93,70,116,186,164,164,0,0
94,22,285,307,164,164,0,0
95,143,1,144,125,125,0,0
96,19,229,248,170,170,0,0
97,78,47,125,205,125,80,0
98,0,574,574,199,199,0,0
99,375,0,375,206,206,0,0
100,169,0,169,238,169,69,0
101,0,297,297,280,280,0,0
102,17,234,251,317,251,66,0
103,0,302,302,405,302,103,0
104,0,234,234,953,234,719,0
105,0,538,538,1542,538,1004,0
106,0,2285,2285,1890,1890,0,0
107,395,527,922,1769,922,847,0
108,0,1981,1981,1240,1240,0,0
109,741,687,1428,910,910,0,0
110,518,751,1269,633,633,0,0
111,636,764,1400,467,467,0,0
112,933,171,1104,387,387,0,0
113,717,508,1225,355,355,0,0
114,870,0,870,340,340,0,0
115,530,252,782,352,352,0,0
116,430,272,702,432,432,0,0
117,270,233,503,526,503,23,0
118,0,286,286,685,286,399,0
119,0,568,568,810,568,242,0
120,0,597,597,783,597,186,0
121,0,547,547,658,547,111,0
122,0,597,597,566,566,0,0
123,31,382,413,445,413,32,0
124,0,494,494,409,409,0,0
125,85,315,400,283,283,0,0
126,117,448,565,247,247,0,0
127,318,115,433,209,209,0,0
128,224,503,727,221,221,0,0
129,506,0,506,279,279,0,0
130,227,74,301,374,301,73,0
131,0,289,289,458,289,169,0
132,0,374,374,639,374,265,0
133,0,367,367,618,367,251,0
134,0,915,915,550,550,0,0
135,365,55,420,553,420,133,0
136,0,724,724,459,459,0,0
137,265,494,759,548,548,0,0
138,211,6,217,469,217,252,0
139,0,1432,1432,478,478,0,0
140,954,0,954,459,459,0,0
141,495,585,1080,428,428,0,0
142,652,0,652,521,521,0,0
143,131,0,131,574,131,443,0
144,0,974,974,612,612,0,0
145,362,0,362,757,362,395,0
146,0,587,587,697,587,110,0
147,0,818,818,690,690,0,0
148,128,147,275,660,275,385,0
149,0,1389,1389,535,535,0,0
150,854,0,854,403,403,0,0
151,451,0,451,415,415,0,0
152,36,273,309,387,309,78,0
153,0,657,657,385,385,0,0
154,272,48,320,444,320,124,0
155,0,506,506,481,481,0,0
156,25,397,422,569,422,147,0
157,0,334,334,553,334,219,0
158,0,703,703,380,380,0,0
159,323,117,440,354,354,0,0
160,86,183,269,332,269,63,0
161,0,968,968,337,337,0,0
162,631,0,631,339,339,0,0
163,292,73,365,318,318,0,0
164,47,254,301,318,301,17,0
165,0,254,254,336,254,82,0
166,0,293,293,286,286,0,0
167,7,258,265,265,265,0,0
168,0,191,191,288,191,97,0
169,0,462,462,261,261,0,0
170,201,147,348,237,237,0,0
171,111,60,171,266,171,95,0
172,0,346,346,205,205,0,0
173,141,275,416,170,170,0,0
174,246,0,246,167,167,0,0
175,79,390,469,134,134,0,0
176,335,31,366,128,128,0,0
177,238,0,238,119,119,0,0
178,119,188,307,129,129,0,0
179,178,0,178,85,85,0,0
180,93,154,247,90,90,0,0
181,157,17,174,63,63,0,0
182,111,349,460,59,59,0,0
183,401,0,401,59,59,0,0
184,342,0,342,55,55,0,0
185,287,0,287,65,65,0,0
186,222,0,222,62,62,0,0
187,160,11,171,68,68,0,0
188,103,10,113,78,78,0,0
189,35,141,176,86,86,0,0
190,90,48,138,126,126,0,0
191,12,72,84,164,84,80,0
192,0,289,289,177,177,0,0
193,112,47,159,187,159,28,0
194,0,170,170,284,170,114,0
195,0,191,191,300,191,109,0
196,0,535,535,275,275,0,0
197,260,0,260,246,246,0,0
198,14,298,312,293,293,0,0
199,19,211,230,317,230,87,0
200,0,495,495,271,271,0,0
201,224,120,344,320,320,0,0
202,24,86,110,377,110,267,0
203,0,832,832,423,423,0,0
204,409,0,409,441,409,32,0
205,0,253,253,365,253,112,0
206,0,370,370,387,370,17,0
207,0,185,185,368,185,183,0
208,0,873,873,378,378,0,0