Period,Inventory,Arrived,Available,Needed,Succeeded,Failed,Lost
1,0,0,0,0,0,0,0
2,0,100,100,0,0,0,0
3,100,0,100,5,5,0,0
4,95,0,95,6,6,0,0
5,89,21,110,5,5,0,0
6,105,1,106,9,9,0,0
7,97,3,100,6,6,0,0
8,94,18,112,7,7,0,0
9,105,0,105,25,25,0,0
10,80,7,87,32,32,0,0
11,55,74,129,134,129,5,0
12,0,25,25,377,25,352,0
13,0,406,406,581,406,175,0
14,0,455,455,534,455,79,0
15,0,580,580,465,465,0,0
16,115,355,470,519,470,49,0
17,0,364,364,461,364,97,0
18,0,446,446,332,332,0,0
19,114,338,452,274,274,0,0
20,178,258,436,214,214,0,0
21,222,160,382,230,230,0,0
22,152,141,293,158,158,0,0
23,135,209,344,122,122,0,0
24,222,133,355,70,70,0,0
25,285,76,361,55,55,0,0
26,306,24,330,47,47,0,0
27,283,14,297,46,46,0,0
28,251,0,251,47,47,0,0
29,204,4,208,40,40,0,0
30,168,19,187,49,49,0,0
31,138,16,154,32,32,0,0
32,122,33,155,20,20,0,0
33,135,12,147,39,39,0,0
34,108,6,114,48,48,0,0
35,66,76,142,41,41,0,0
36,101,39,140,47,47,0,0
37,93,24,117,71,71,0,0
38,46,49,95,129,95,34,0
39,0,119,119,156,119,37,0
40,0,203,203,196,196,0,0
41,7,125,132,207,132,75,0
42,0,233,233,218,218,0,0
43,15,142,157,253,157,96,0
44,0,222,222,293,222,71,0
45,0,190,190,405,190,215,0
46,0,263,263,399,263,136,0
47,0,427,427,464,427,37,0
48,0,171,171,514,171,343,0
49,0,529,529,572,529,43,0
50,0,185,185,625,185,440,0
51,0,577,577,733,577,156,0
52,0,231,231,818,231,587,0
53,0,765,765,940,765,175,0
54,0,274,274,806,274,532,0
55,0,925,925,757,757,0,0
56,168,149,317,565,317,248,0
57,0,733,733,518,518,0,0
58,215,207,422,434,422,12,0
59,0,412,412,383,383,0,0
60,29,385,414,391,391,0,0
61,23,348,371,386,371,15,0
62,0,364,364,459,364,95,0
63,0,336,336,553,336,217,0
64,0,374,374,669,374,295,0
65,0,437,437,899,437,462,0
66,0,503,503,1229,503,726,0
67,0,841,841,1511,841,670,0
68,0,929,929,1380,929,451,0
69,0,1109,1109,1197,1109,88,0
70,0,843,843,998,843,155,0
71,0,896,896,739,739,0,0
72,157,721,878,625,625,0,0
73,253,519,772,408,408,0,0
74,364,425,789,320,320,0,0
75,469,322,791,255,255,0,0
76,536,244,780,190,190,0,0
77,590,187,777,160,160,0,0
78,617,86,703,117,117,0,0
79,586,25,611,103,103,0,0
80,508,0,508,80,80,0,0
81,428,0,428,63,63,0,0
82,365,0,365,55,55,0,0
83,310,0,310,93,93,0,0
84,217,0,217,112,112,0,0
85,105,61,166,179,166,13,0
86,0,102,102,224,102,122,0
87,0,293,293,261,261,0,0
88,32,118,150,226,150,76,0
89,0,306,306,213,213,0,0
90,93,124,217,212,212,0,0
91,5,175,180,180,180,0,0
92,0,204,204,178,178,0,0
93,26,160,186,164,164,0,0
94,22,147,169,164,164,0,0
95,5,139,144,125,125,0,0
96,19,159,178,170,170,0,0
97,8,117,125,205,125,80,0
98,0,274,274,199,199,0,0
99,75,127,202,206,202,4,0
100,0,148,148,238,148,90,0
101,0,200,200,280,200,80,0
102,0,195,195,317,195,122,0
103,0,249,249,405,249,156,0
104,0,235,235,953,235,718,0
105,0,409,409,1542,409,1133,0
106,0,1653,1653,1890,1653,237,0
107,0,934,934,1769,934,835,0
108,0,1885,1885,1240,1240,0,0
109,645,783,1428,910,910,0,0
110,518,751,1269,633,633,0,0
111,636,622,1258,467,467,0,0
112,791,313,1104,387,387,0,0
113,717,204,921,355,355,0,0
114,566,284,850,340,340,0,0
115,510,272,782,352,352,0,0
116,430,272,702,432,432,0,0
117,270,233,503,526,503,23,0
118,0,286,286,685,286,399,0
119,0,568,568,810,568,242,0
120,0,441,441,783,441,342,0
121,0,703,703,658,658,0,0
122,45,441,486,566,486,80,0
123,0,493,493,445,445,0,0
124,48,414,462,409,409,0,0
125,53,347,400,283,283,0,0
126,117,323,440,247,247,0,0
127,193,240,433,209,209,0,0
128,224,210,434,221,221,0,0
129,213,176,389,279,279,0,0
130,110,175,285,374,285,89,0
131,0,225,225,458,225,233,0
132,0,395,395,639,395,244,0
133,0,332,332,618,332,286,0
134,0,686,686,550,550,0,0
135,136,284,420,553,420,133,0
136,0,436,436,459,436,23,0
137,0,373,373,548,373,175,0
138,0,392,392,469,392,77,0
139,0,528,528,478,478,0,0
140,50,154,204,459,204,255,0
141,0,471,471,428,428,0,0
142,43,160,203,521,203,318,0
143,0,418,418,574,418,156,0
144,0,420,420,612,420,192,0
145,0,390,390,757,390,367,0
146,0,437,437,697,437,260,0
147,0,673,673,690,673,17,0
148,0,292,292,660,292,368,0
149,0,613,613,535,535,0,0
150,78,265,343,403,343,60,0
151,0,473,473,415,415,0,0
152,58,251,309,387,309,78,0
153,0,388,388,385,385,0,0
154,3,285,288,444,288,156,0
155,0,367,367,481,367,114,0
156,0,297,297,569,297,272,0
157,0,403,403,553,403,150,0
158,0,405,405,380,380,0,0
159,25,415,440,354,354,0,0
160,86,183,269,332,269,63,0
161,0,307,307,337,307,30,0
162,0,238,238,339,238,101,0
163,0,294,294,318,294,24,0
164,0,233,233,318,233,85,0
165,0,278,278,336,278,58,0
166,0,221,221,286,221,65,0
167,0,273,273,265,265,0,0
168,8,183,191,288,191,97,0
169,0,236,236,261,236,25,0
170,0,219,219,237,219,18,0
171,0,189,189,266,189,77,0
172,0,210,210,205,205,0,0
173,5,238,243,170,170,0,0
174,73,135,208,167,167,0,0
175,41,156,197,134,134,0,0
176,63,152,215,128,128,0,0
177,87,113,200,119,119,0,0
178,81,113,194,129,129,0,0
179,65,104,169,85,85,0,0
180,84,113,197,90,90,0,0
181,107,67,174,63,63,0,0
182,111,76,187,59,59,0,0
183,128,42,170,59,59,0,0
184,111,45,156,55,55,0,0
185,101,48,149,65,65,0,0
186,84,44,128,62,62,0,0
187,66,61,127,68,68,0,0
188,59,53,112,78,78,0,0
189,34,75,109,86,86,0,0
190,23,87,110,126,110,16,0
191,0,94,94,164,94,70,0
192,0,205,205,177,177,0,0
193,28,121,149,187,149,38,0
194,0,180,180,284,180,104,0
195,0,156,156,300,156,144,0
196,0,412,412,275,275,0,0
197,137,71,208,246,208,38,0
198,0,232,232,293,232,61,0
199,0,197,197,317,197,120,0
200,0,319,319,271,271,0,0
201,48,174,222,320,222,98,0
202,0,208,208,377,208,169,0
203,0,357,357,423,357,66,0
204,0,251,251,441,251,190,0
205,0,382,382,365,365,0,0
206,17,241,258,387,258,129,0
207,0,297,297,368,297,71,0
208,0,311,311,378,311,67,0