Period,Inventory,Arrived,Available,Needed,Succeeded,Failed,Lost
1,0,0,0,0,0,0,0
2,0,100,100,0,0,0,0
3,100,0,100,5,5,0,0
4,95,0,95,6,6,0,0
5,89,15,104,5,5,0,0
6,99,6,105,9,9,0,0
7,96,3,99,6,6,0,0
8,93,14,107,7,7,0,0
9,100,3,103,25,25,0,0
10,78,7,85,32,32,0,0
11,53,58,111,134,111,23,0
12,0,36,36,377,36,341,0
13,0,300,300,581,300,281,0
14,0,420,420,534,420,114,0
15,0,491,491,465,465,0,0
16,26,376,402,519,402,117,0
17,0,409,409,461,409,52,0
18,0,401,401,332,332,0,0
19,69,383,452,274,274,0,0
20,178,258,436,214,214,0,0
21,222,160,382,230,230,0,0
22,152,141,293,158,158,0,0
23,135,209,344,122,122,0,0
24,222,133,355,70,70,0,0
25,285,76,361,55,55,0,0
26,306,24,330,47,47,0,0
27,283,14,297,46,46,0,0
28,251,0,251,47,47,0,0
29,204,4,208,40,40,0,0
30,168,19,187,49,49,0,0
31,138,16,154,32,32,0,0
32,122,33,155,20,20,0,0
33,135,12,147,39,39,0,0
34,108,6,114,48,48,0,0
35,66,44,110,41,41,0,0
36,69,54,123,47,47,0,0
37,76,32,108,71,71,0,0
38,37,48,85,129,85,44,0
39,0,110,110,156,110,46,0
40,0,177,177,196,177,19,0
41,0,127,127,207,127,80,0
42,0,212,212,218,212,6,0
43,0,143,143,253,143,110,0
44,0,225,225,293,225,68,0
45,0,166,166,405,166,239,0
46,0,267,267,399,267,132,0
47,0,350,350,464,350,114,0
48,0,225,225,514,225,289,0
49,0,404,404,572,404,168,0
50,0,270,270,625,270,355,0
51,0,460,460,733,460,273,0
52,0,323,323,818,323,495,0
53,0,618,618,940,618,322,0
54,0,401,401,806,401,405,0
55,0,761,761,757,757,0,0
56,4,313,317,565,317,248,0
57,0,733,733,518,518,0,0
58,215,207,422,434,422,12,0
59,0,412,412,383,383,0,0
60,29,385,414,391,391,0,0
61,23,348,371,386,371,15,0
62,0,364,364,459,364,95,0
63,0,336,336,553,336,217,0
64,0,328,328,669,328,341,0
65,0,419,419,899,419,480,0
66,0,466,466,1229,466,763,0
67,0,763,763,1511,763,748,0
68,0,896,896,1380,896,484,0
69,0,1029,1029,1197,1029,168,0
70,0,819,819,998,819,179,0
71,0,920,920,739,739,0,0
72,181,697,878,625,625,0,0
73,253,519,772,408,408,0,0
74,364,425,789,320,320,0,0
75,469,322,791,255,255,0,0
76,536,244,780,190,190,0,0
77,590,187,777,160,160,0,0
78,617,86,703,117,117,0,0
79,586,25,611,103,103,0,0
80,508,0,508,80,80,0,0
81,428,0,428,63,63,0,0
82,365,0,365,55,55,0,0
83,310,0,310,93,93,0,0
84,217,0,217,112,112,0,0
85,105,27,132,179,132,47,0
86,0,112,112,224,112,112,0
87,0,234,234,261,234,27,0
88,0,150,150,226,150,76,0
89,0,267,267,213,213,0,0
90,54,135,189,212,189,23,0
91,0,203,203,180,180,0,0
92,23,181,204,178,178,0,0
93,26,160,186,164,164,0,0
94,22,147,169,164,164,0,0
95,5,139,144,125,125,0,0
96,19,159,178,170,170,0,0
97,8,117,125,205,125,80,0
98,0,190,190,199,190,9,0
99,0,157,157,206,157,49,0
100,0,182,182,238,182,56,0
101,0,157,157,280,157,123,0
102,0,213,213,317,213,104,0
103,0,209,209,405,209,196,0
104,0,249,249,953,249,704,0
105,0,344,344,1542,344,1198,0
106,0,1257,1257,1890,1257,633,0
107,0,974,974,1769,974,795,0
108,0,1585,1585,1240,1240,0,0
109,345,927,1272,910,910,0,0
110,362,907,1269,633,633,0,0
111,636,622,1258,467,467,0,0
112,791,313,1104,387,387,0,0
113,717,204,921,355,355,0,0
114,566,284,850,340,340,0,0
115,510,272,782,352,352,0,0
116,430,272,702,432,432,0,0
117,270,233,503,526,503,23,0
118,0,286,286,685,286,399,0
119,0,434,434,810,434,376,0
120,0,510,510,783,510,273,0
121,0,548,548,658,548,110,0
122,0,495,495,566,495,71,0
123,0,484,484,445,445,0,0
124,39,423,462,409,409,0,0
125,53,347,400,283,283,0,0
126,117,323,440,247,247,0,0
127,193,240,433,209,209,0,0
128,224,210,434,221,221,0,0
129,213,176,389,279,279,0,0
130,110,175,285,374,285,89,0
131,0,225,225,458,225,233,0
132,0,344,344,639,344,295,0
133,0,306,306,618,306,312,0
134,0,614,614,550,550,0,0
135,64,243,307,553,307,246,0
136,0,518,518,459,459,0,0
137,59,291,350,548,350,198,0
138,0,415,415,469,415,54,0
139,0,334,334,478,334,144,0
140,0,348,348,459,348,111,0
141,0,292,292,428,292,136,0
142,0,339,339,521,339,182,0
143,0,282,282,574,282,292,0
144,0,432,432,612,432,180,0
145,0,322,322,757,322,435,0
146,0,463,463,697,463,234,0
147,0,539,539,690,539,151,0
148,0,369,369,660,369,291,0
149,0,531,531,535,531,4,0
150,0,347,347,403,347,56,0
151,0,469,469,415,415,0,0
152,54,255,309,387,309,78,0
153,0,388,388,385,385,0,0
154,3,285,288,444,288,156,0
155,0,367,367,481,367,114,0
156,0,271,271,569,271,298,0
157,0,362,362,553,362,191,0
158,0,395,395,380,380,0,0
159,15,330,345,354,345,9,0
160,0,275,275,332,275,57,0
161,0,293,293,337,293,44,0
162,0,252,252,339,252,87,0
163,0,280,280,318,280,38,0
164,0,241,241,318,241,77,0
165,0,270,270,336,270,66,0
166,0,229,229,286,229,57,0
167,0,255,255,265,255,10,0
168,0,201,201,288,201,87,0
169,0,226,226,261,226,35,0
170,0,192,192,237,192,45,0
171,0,216,216,266,216,50,0
172,0,183,183,205,183,22,0
173,0,212,212,170,170,0,0
174,42,166,208,167,167,0,0
175,41,156,197,134,134,0,0
176,63,152,215,128,128,0,0
177,87,113,200,119,119,0,0
178,81,113,194,129,129,0,0
179,65,104,169,85,85,0,0
180,84,113,197,90,90,0,0
181,107,67,174,63,63,0,0
182,111,76,187,59,59,0,0
183,128,42,170,59,59,0,0
184,111,45,156,55,55,0,0
185,101,48,149,65,65,0,0
186,84,44,128,62,62,0,0
187,66,58,124,68,68,0,0
188,56,55,111,78,78,0,0
189,33,63,96,86,86,0,0
190,10,92,102,126,102,24,0
191,0,94,94,164,94,70,0
192,0,172,172,177,172,5,0
193,0,132,132,187,132,55,0
194,0,184,184,284,184,100,0
195,0,140,140,300,140,160,0
196,0,341,341,275,275,0,0
197,66,129,195,246,195,51,0
198,0,243,243,293,243,50,0
199,0,186,186,317,186,131,0
200,0,254,254,271,254,17,0
201,0,203,203,320,203,117,0
202,0,227,227,377,227,150,0
203,0,242,242,423,242,181,0
204,0,292,292,441,292,149,0
205,0,285,285,365,285,80,0
206,0,315,315,387,315,72,0
207,0,240,240,368,240,128,0
208,0,301,301,378,301,77,0