Period,Inventory,Arrived,Available,Needed,Succeeded,Failed,Lost
1,0,0,0,0,0,0,0
2,0,0,0,0,0,0,0
3,0,100,100,5,5,0,0
4,95,0,95,6,6,0,0
5,89,0,89,5,5,0,0
6,84,0,84,9,9,0,0
7,75,21,96,6,6,0,0
8,90,9,99,7,7,0,0
9,92,3,95,25,25,0,0
10,70,19,89,32,32,0,0
11,57,3,60,134,60,74,0
12,0,5,5,377,5,372,0
13,0,99,99,581,99,482,0
14,0,28,28,534,28,506,0
15,0,449,449,465,449,16,0
16,0,1000,1000,519,519,0,0
17,481,721,1202,461,461,0,0
18,741,0,741,332,332,0,0
19,409,0,409,274,274,0,0
20,135,550,685,214,214,0,0
21,471,339,810,230,230,0,0
22,580,178,758,158,158,0,0
23,600,178,778,122,122,0,0
24,656,63,719,70,70,0,0
25,649,85,734,55,55,0,0
26,679,4,683,47,47,0,0
27,636,0,636,46,46,0,0
28,590,0,590,47,47,0,0
29,543,0,543,40,40,0,0
30,503,0,503,49,49,0,0
31,454,0,454,32,32,0,0
32,422,0,422,20,20,0,0
33,402,0,402,39,39,0,0
34,363,0,363,48,48,0,0
35,315,0,315,41,41,0,0
36,274,0,274,47,47,0,0
37,227,0,227,71,71,0,0
38,156,0,156,129,129,0,0
39,27,0,27,156,27,129,0
40,0,23,23,196,23,173,0
41,0,177,177,207,177,30,0
42,0,437,437,218,218,0,0
43,219,0,219,253,219,34,0
44,0,181,181,293,181,112,0
45,0,142,142,405,142,263,0
46,0,245,245,399,245,154,0
47,0,373,373,464,373,91,0
48,0,318,318,514,318,196,0
49,0,679,679,572,572,0,0
50,107,0,107,625,107,518,0
51,0,580,580,733,580,153,0
52,0,486,486,818,486,332,0
53,0,799,799,940,799,141,0
54,0,267,267,806,267,539,0
55,0,1000,1000,757,757,0,0
56,243,725,968,565,565,0,0
57,403,1000,1403,518,518,0,0
58,885,0,885,434,434,0,0
59,451,572,1023,383,383,0,0
60,640,400,1040,391,391,0,0
61,649,384,1033,386,386,0,0
62,647,239,886,459,459,0,0
63,427,157,584,553,553,0,0
64,31,200,231,669,231,438,0
65,0,230,230,899,230,669,0
66,0,526,526,1229,526,703,0
67,0,930,930,1511,930,581,0
68,0,751,751,1380,751,629,0
69,0,1000,1000,1197,1000,197,0
70,0,1000,1000,998,998,0,0
71,2,1000,1002,739,739,0,0
72,263,1000,1263,625,625,0,0
73,638,1000,1638,408,408,0,0
74,1230,731,1961,320,320,0,0
75,1641,487,2128,255,255,0,0
76,1873,318,2191,190,190,0,0
77,2001,0,2001,160,160,0,0
78,1841,0,1841,117,117,0,0
79,1724,0,1724,103,103,0,0
80,1621,0,1621,80,80,0,0
81,1541,0,1541,63,63,0,0
82,1478,0,1478,55,55,0,0
83,1423,0,1423,93,93,0,0
84,1330,0,1330,112,112,0,0
85,1218,0,1218,179,179,0,0
86,1039,0,1039,224,224,0,0
87,815,0,815,261,261,0,0
88,554,0,554,226,226,0,0
89,328,0,328,213,213,0,0
90,115,56,171,212,171,41,0
91,0,382,382,180,180,0,0
92,202,40,242,178,178,0,0
93,64,189,253,164,164,0,0
94,89,157,246,164,164,0,0
95,82,149,231,125,125,0,0
96,106,161,267,170,170,0,0
97,97,133,230,205,205,0,0
98,25,132,157,199,157,42,0
99,0,79,79,206,79,127,0
100,0,164,164,238,164,74,0
101,0,310,310,280,280,0,0
102,30,127,157,317,157,160,0
103,0,117,117,405,117,288,0
104,0,297,297,953,297,656,0
105,0,465,465,1542,465,1077,0
106,0,264,264,1890,264,1626,0
107,0,526,526,1769,526,1243,0
108,0,1000,1000,1240,1000,240,0
109,0,1000,1000,910,910,0,0
110,90,1000,1090,633,633,0,0
111,457,1000,1457,467,467,0,0
112,990,1000,1990,387,387,0,0
113,1603,1000,2603,355,355,0,0
114,2248,365,2613,340,340,0,0
115,2273,0,2273,352,352,0,0
116,1921,0,1921,432,432,0,0
117,1489,0,1489,526,526,0,0
118,963,0,963,685,685,0,0
119,278,0,278,810,278,532,0
120,0,171,171,783,171,612,0
121,0,754,754,658,658,0,0
122,96,1000,1096,566,566,0,0
123,530,930,1460,445,445,0,0
124,1015,0,1015,409,409,0,0
125,606,202,808,283,283,0,0
126,525,468,993,247,247,0,0
127,746,321,1067,209,209,0,0
128,858,265,1123,221,221,0,0
129,902,62,964,279,279,0,0
130,685,15,700,374,374,0,0
131,326,0,326,458,326,132,0
132,0,43,43,639,43,596,0
133,0,315,315,618,315,303,0
134,0,793,793,550,550,0,0
135,243,510,753,553,553,0,0
136,200,930,1130,459,459,0,0
137,671,0,671,548,548,0,0
138,123,141,264,469,264,205,0
139,0,543,543,478,478,0,0
140,65,364,429,459,429,30,0
141,0,603,603,428,428,0,0
142,175,221,396,521,396,125,0
143,0,392,392,574,392,182,0
144,0,390,390,612,390,222,0
145,0,355,355,757,355,402,0
146,0,461,461,697,461,236,0
147,0,608,608,690,608,82,0
148,0,577,577,660,577,83,0
149,0,1000,1000,535,535,0,0
150,465,96,561,403,403,0,0
151,158,533,691,415,415,0,0
152,276,545,821,387,387,0,0
153,434,411,845,385,385,0,0
154,460,272,732,444,444,0,0
155,288,277,565,481,481,0,0
156,84,230,314,569,314,255,0
157,0,245,245,553,245,308,0
158,0,439,439,380,380,0,0
159,59,570,629,354,354,0,0
160,275,759,1034,332,332,0,0
161,702,28,730,337,337,0,0
162,393,135,528,339,339,0,0
163,189,279,468,318,318,0,0
164,150,258,408,318,318,0,0
165,90,256,346,336,336,0,0
166,10,258,268,286,268,18,0
167,0,248,248,265,248,17,0
168,0,267,267,288,267,21,0
169,0,335,335,261,261,0,0
170,74,241,315,237,237,0,0
171,78,186,264,266,264,2,0
172,0,255,255,205,205,0,0
173,50,226,276,170,170,0,0
174,106,185,291,167,167,0,0
175,124,258,382,134,134,0,0
176,248,162,410,128,128,0,0
177,282,94,376,119,119,0,0
178,257,116,373,129,129,0,0
179,244,66,310,85,85,0,0
180,225,66,291,90,90,0,0
181,201,65,266,63,63,0,0
182,203,94,297,59,59,0,0
183,238,33,271,59,59,0,0
184,212,56,268,55,55,0,0
185,213,22,235,65,65,0,0
186,170,20,190,62,62,0,0
187,128,29,157,68,68,0,0
188,89,28,117,78,78,0,0
189,39,57,96,86,86,0,0
190,10,51,61,126,61,65,0
191,0,73,73,164,73,91,0
192,0,126,126,177,126,51,0
193,0,114,114,187,114,73,0
194,0,226,226,284,226,58,0
195,0,212,212,300,212,88,0
196,0,88,88,275,88,187,0
197,0,162,162,246,162,84,0
198,0,629,629,293,293,0,0
199,336,181,517,317,317,0,0
200,200,3,203,271,203,68,0
201,0,76,76,320,76,244,0
202,0,367,367,377,367,10,0
203,0,393,393,423,393,30,0
204,0,147,147,441,147,294,0
205,0,80,80,365,80,285,0
206,0,641,641,387,387,0,0
207,254,586,840,368,368,0,0
208,472,116,588,378,378,0,0