Period,Inventory,Arrived,Available,Needed,Succeeded,Failed,Lost
1,0,0,0,0,0,0,0
2,0,100,100,0,0,0,0
3,100,0,100,5,5,0,0
4,95,0,95,6,6,0,0
5,89,40,129,5,5,0,0
6,124,0,124,9,9,0,0
7,115,18,133,6,6,0,0
8,127,5,132,7,7,0,0
9,125,0,125,25,25,0,0
10,100,70,170,32,32,0,0
11,138,32,170,134,134,0,0
12,36,0,36,377,36,341,0
13,0,914,914,581,581,0,0
14,333,0,333,534,333,201,0
15,0,787,787,465,465,0,0
16,322,133,455,519,455,64,0
17,0,1195,1195,461,461,0,0
18,734,375,1109,332,332,0,0
19,777,0,777,274,274,0,0
20,503,373,876,214,214,0,0
21,662,469,1131,230,230,0,0
22,901,0,901,158,158,0,0
23,743,116,859,122,122,0,0
24,737,0,737,70,70,0,0
25,667,428,1095,55,55,0,0
26,1040,0,1040,47,47,0,0
27,993,0,993,46,46,0,0
28,947,0,947,47,47,0,0
29,900,0,900,40,40,0,0
30,860,0,860,49,49,0,0
31,811,0,811,32,32,0,0
32,779,0,779,20,20,0,0
33,759,0,759,39,39,0,0
34,720,0,720,48,48,0,0
35,672,0,672,41,41,0,0
36,631,0,631,47,47,0,0
37,584,0,584,71,71,0,0
38,513,0,513,129,129,0,0
39,384,0,384,156,156,0,0
40,228,0,228,196,196,0,0
41,32,92,124,207,124,83,0
42,0,576,576,218,218,0,0
43,358,0,358,253,253,0,0
44,105,17,122,293,122,171,0
45,0,398,398,405,398,7,0
46,0,77,77,399,77,322,0
47,0,880,880,464,464,0,0
48,416,0,416,514,416,98,0
49,0,1704,1704,572,572,0,0
50,1132,0,1132,625,625,0,0
51,507,122,629,733,629,104,0
52,0,458,458,818,458,360,0
53,0,796,796,940,796,144,0
54,0,604,604,806,604,202,0
55,0,1070,1070,757,757,0,0
56,313,0,313,565,313,252,0
57,0,2543,2543,518,518,0,0
58,2025,0,2025,434,434,0,0
59,1591,581,2172,383,383,0,0
60,1789,0,1789,391,391,0,0
61,1398,0,1398,386,386,0,0
62,1012,0,1012,459,459,0,0
63,553,0,553,553,553,0,0
64,0,673,673,669,669,0,0
65,4,177,181,899,181,718,0
66,0,969,969,1229,969,260,0
67,0,568,568,1511,568,943,0
68,0,1382,1382,1380,1380,0,0
69,2,468,470,1197,470,727,0
70,0,1530,1530,998,998,0,0
71,532,1520,2052,739,739,0,0
72,1313,0,1313,625,625,0,0
73,688,40,728,408,408,0,0
74,320,752,1072,320,320,0,0
75,752,87,839,255,255,0,0
76,584,1268,1852,190,190,0,0
77,1662,0,1662,160,160,0,0
78,1502,0,1502,117,117,0,0
79,1385,0,1385,103,103,0,0
80,1282,0,1282,80,80,0,0
81,1202,0,1202,63,63,0,0
82,1139,0,1139,55,55,0,0
83,1084,0,1084,93,93,0,0
84,991,0,991,112,112,0,0
85,879,0,879,179,179,0,0
86,700,0,700,224,224,0,0
87,476,452,928,261,261,0,0
88,667,0,667,226,226,0,0
89,441,83,524,213,213,0,0
90,311,0,311,212,212,0,0
91,99,439,538,180,180,0,0
92,358,0,358,178,178,0,0
93,180,8,188,164,164,0,0
94,24,362,386,164,164,0,0
95,222,0,222,125,125,0,0
96,97,280,377,170,170,0,0
97,207,0,207,205,205,0,0
98,2,747,749,199,199,0,0
99,550,0,550,206,206,0,0
100,344,0,344,238,238,0,0
101,106,298,404,280,280,0,0
102,124,71,195,317,195,122,0
103,0,365,365,405,365,40,0
104,0,135,135,953,135,818,0
105,0,715,715,1542,715,827,0
106,0,2085,2085,1890,1890,0,0
107,195,365,560,1769,560,1209,0
108,0,2040,2040,1240,1240,0,0
109,800,571,1371,910,910,0,0
110,461,885,1346,633,633,0,0
111,713,549,1262,467,467,0,0
112,795,960,1755,387,387,0,0
113,1368,313,1681,355,355,0,0
114,1326,288,1614,340,340,0,0
115,1274,0,1274,352,352,0,0
116,922,199,1121,432,432,0,0
117,689,0,689,526,526,0,0
118,163,654,817,685,685,0,0
119,132,544,676,810,676,134,0
120,0,874,874,783,783,0,0
121,91,438,529,658,529,129,0
122,0,754,754,566,566,0,0
123,188,576,764,445,445,0,0
124,319,393,712,409,409,0,0
125,303,138,441,283,283,0,0
126,158,787,945,247,247,0,0
127,698,0,698,209,209,0,0
128,489,952,1441,221,221,0,0
129,1220,0,1220,279,279,0,0
130,941,0,941,374,374,0,0
131,567,0,567,458,458,0,0
132,109,258,367,639,367,272,0
133,0,509,509,618,509,109,0
134,0,960,960,550,550,0,0
135,410,47,457,553,457,96,0
136,0,1549,1549,459,459,0,0
137,1090,0,1090,548,548,0,0
138,542,0,542,469,469,0,0
139,73,1808,1881,478,478,0,0
140,1403,0,1403,459,459,0,0
141,944,1372,2316,428,428,0,0
142,1888,0,1888,521,521,0,0
143,1367,0,1367,574,574,0,0
144,793,158,951,612,612,0,0
145,339,136,475,757,475,282,0
146,0,925,925,697,697,0,0
147,228,810,1038,690,690,0,0
148,348,0,348,660,348,312,0
149,0,2343,2343,535,535,0,0
150,1808,0,1808,403,403,0,0
151,1405,0,1405,415,415,0,0
152,990,0,990,387,387,0,0
153,603,340,943,385,385,0,0
154,558,0,558,444,444,0,0
155,114,982,1096,481,481,0,0
156,615,34,649,569,569,0,0
157,80,172,252,553,252,301,0
158,0,1060,1060,380,380,0,0
159,680,90,770,354,354,0,0
160,416,0,416,332,332,0,0
161,84,884,968,337,337,0,0
162,631,0,631,339,339,0,0
163,292,584,876,318,318,0,0
164,558,0,558,318,318,0,0
165,240,92,332,336,332,4,0
166,0,208,208,286,208,78,0
167,0,502,502,265,265,0,0
168,237,0,237,288,237,51,0
169,0,583,583,261,261,0,0
170,322,17,339,237,237,0,0
171,102,178,280,266,266,0,0
172,14,495,509,205,205,0,0
173,304,234,538,170,170,0,0
174,368,0,368,167,167,0,0
175,201,737,938,134,134,0,0
176,804,0,804,128,128,0,0
177,676,0,676,119,119,0,0
178,557,0,557,129,129,0,0
179,428,293,721,85,85,0,0
180,636,0,636,90,90,0,0
181,546,0,546,63,63,0,0
182,483,248,731,59,59,0,0
183,672,0,672,59,59,0,0
184,613,0,613,55,55,0,0
185,558,0,558,65,65,0,0
186,493,0,493,62,62,0,0
187,431,0,431,68,68,0,0
188,363,0,363,78,78,0,0
189,285,0,285,86,86,0,0
190,199,0,199,126,126,0,0
191,73,0,73,164,73,91,0
192,0,337,337,177,177,0,0
193,160,0,160,187,160,27,0
194,0,165,165,284,165,119,0
195,0,685,685,300,300,0,0
196,385,65,450,275,275,0,0
197,175,45,220,246,220,26,0
198,0,820,820,293,293,0,0
199,527,0,527,317,317,0,0
200,210,423,633,271,271,0,0
201,362,14,376,320,320,0,0
202,56,116,172,377,172,205,0
203,0,1178,1178,423,423,0,0
204,755,0,755,441,441,0,0
205,314,195,509,365,365,0,0
206,144,391,535,387,387,0,0
207,148,0,148,368,148,220,0
208,0,995,995,378,378,0,0