Period,Inventory,Arrived,Available,Needed,Succeeded,Failed,Lost
1,0,0,0,0,0,0,0
2,0,100,100,0,0,0,0
3,100,0,100,5,5,0,0
4,95,0,95,6,6,0,0
5,89,27,116,5,5,0,0
6,111,0,111,9,9,0,0
7,102,2,104,6,6,0,0
8,98,25,123,7,7,0,0
9,116,0,116,25,25,0,0
10,91,11,102,32,32,0,0
11,70,80,150,134,134,0,0
12,16,8,24,377,24,353,0
13,0,538,538,581,538,43,0
14,0,454,454,534,454,80,0
15,0,635,635,465,465,0,0
16,170,300,470,519,470,49,0
17,0,543,543,461,461,0,0
18,82,663,745,332,332,0,0
19,413,111,524,274,274,0,0
20,250,218,468,214,214,0,0
21,254,278,532,230,230,0,0
22,302,43,345,158,158,0,0
23,187,289,476,122,122,0,0
24,354,0,354,70,70,0,0
25,284,166,450,55,55,0,0
26,395,0,395,47,47,0,0
27,348,0,348,46,46,0,0
28,302,0,302,47,47,0,0
29,255,0,255,40,40,0,0
30,215,11,226,49,49,0,0
31,177,6,183,32,32,0,0
32,151,54,205,20,20,0,0
33,185,0,185,39,39,0,0
34,146,15,161,48,48,0,0
35,113,82,195,41,41,0,0
36,154,9,163,47,47,0,0
37,116,15,131,71,71,0,0
38,60,85,145,129,129,0,0
39,16,109,125,156,125,31,0
40,0,242,242,196,196,0,0
41,46,88,134,207,134,73,0
42,0,290,290,218,218,0,0
43,72,82,154,253,154,99,0
44,0,252,252,293,252,41,0
45,0,218,218,405,218,187,0
46,0,280,280,399,280,119,0
47,0,501,501,464,464,0,0
48,37,102,139,514,139,375,0
49,0,795,795,572,572,0,0
50,223,0,223,625,223,402,0
51,0,630,630,733,630,103,0
52,0,219,219,818,219,599,0
53,0,870,870,940,870,70,0
54,0,207,207,806,207,599,0
55,0,1084,1084,757,757,0,0
56,327,0,327,565,327,238,0
57,0,1075,1075,518,518,0,0
58,557,0,557,434,434,0,0
59,123,594,717,383,383,0,0
60,334,82,416,391,391,0,0
61,25,412,437,386,386,0,0
62,51,342,393,459,393,66,0
63,0,322,322,553,322,231,0
64,0,556,556,669,556,113,0
65,0,334,334,899,334,565,0
66,0,691,691,1229,691,538,0
67,0,779,779,1511,779,732,0
68,0,1087,1087,1380,1087,293,0
69,0,964,964,1197,964,233,0
70,0,984,984,998,984,14,0
71,0,1023,1023,739,739,0,0
72,284,607,891,625,625,0,0
73,266,482,748,408,408,0,0
74,340,583,923,320,320,0,0
75,603,154,757,255,255,0,0
76,502,359,861,190,190,0,0
77,671,39,710,160,160,0,0
78,550,120,670,117,117,0,0
79,553,78,631,103,103,0,0
80,528,32,560,80,80,0,0
81,480,33,513,63,63,0,0
82,450,0,450,55,55,0,0
83,395,0,395,93,93,0,0
84,302,0,302,112,112,0,0
85,190,61,251,179,179,0,0
86,72,63,135,224,135,89,0
87,0,346,346,261,261,0,0
88,85,76,161,226,161,65,0
89,0,321,321,213,213,0,0
90,108,108,216,212,212,0,0
91,4,272,276,180,180,0,0
92,96,150,246,178,178,0,0
93,68,110,178,164,164,0,0
94,14,240,254,164,164,0,0
95,90,80,170,125,125,0,0
96,45,186,231,170,170,0,0
97,61,60,121,205,121,84,0
98,0,436,436,199,199,0,0
99,237,0,237,206,206,0,0
100,31,143,174,238,174,64,0
101,0,257,257,280,257,23,0
102,0,213,213,317,213,104,0
103,0,290,290,405,290,115,0
104,0,218,218,953,218,735,0
105,0,506,506,1542,506,1036,0
106,0,2114,2114,1890,1890,0,0
107,224,671,895,1769,895,874,0
108,0,2008,2008,1240,1240,0,0
109,768,627,1395,910,910,0,0
110,485,779,1264,633,633,0,0
111,631,787,1418,467,467,0,0
112,951,317,1268,387,387,0,0
113,881,366,1247,355,355,0,0
114,892,226,1118,340,340,0,0
115,778,166,944,352,352,0,0
116,592,235,827,432,432,0,0
117,395,251,646,526,526,0,0
118,120,415,535,685,535,150,0
119,0,544,544,810,544,266,0
120,0,700,700,783,700,83,0
121,0,559,559,658,559,99,0
122,0,631,631,566,566,0,0
123,65,432,497,445,445,0,0
124,52,471,523,409,409,0,0
125,114,269,383,283,283,0,0
126,100,451,551,247,247,0,0
127,304,104,408,209,209,0,0
128,199,343,542,221,221,0,0
129,321,37,358,279,279,0,0
130,79,257,336,374,336,38,0
131,0,262,262,458,262,196,0
132,0,429,429,639,429,210,0
133,0,336,336,618,336,282,0
134,0,828,828,550,550,0,0
135,278,127,405,553,405,148,0
136,0,626,626,459,459,0,0
137,167,410,577,548,548,0,0
138,29,171,200,469,200,269,0
139,0,1097,1097,478,478,0,0
140,619,0,619,459,459,0,0
141,160,425,585,428,428,0,0
142,157,150,307,521,307,214,0
143,0,375,375,574,375,199,0
144,0,675,675,612,612,0,0
145,63,195,258,757,258,499,0
146,0,669,669,697,669,28,0
147,0,622,622,690,622,68,0
148,0,320,320,660,320,340,0
149,0,915,915,535,535,0,0
150,380,27,407,403,403,0,0
151,4,389,393,415,393,22,0
152,0,359,359,387,359,28,0
153,0,542,542,385,385,0,0
154,157,141,298,444,298,146,0
155,0,459,459,481,459,22,0
156,0,362,362,569,362,207,0
157,0,403,403,553,403,150,0
158,0,554,554,380,380,0,0
159,174,263,437,354,354,0,0
160,83,213,296,332,296,36,0
161,0,707,707,337,337,0,0
162,370,11,381,339,339,0,0
163,42,384,426,318,318,0,0
164,108,242,350,318,318,0,0
165,32,217,249,336,249,87,0
166,0,322,322,286,286,0,0
167,36,252,288,265,265,0,0
168,23,195,218,288,218,70,0
169,0,334,334,261,261,0,0
170,73,236,309,237,237,0,0
171,72,131,203,266,203,63,0
172,0,268,268,205,205,0,0
173,63,279,342,170,170,0,0
174,172,38,210,167,167,0,0
175,43,280,323,134,134,0,0
176,189,101,290,128,128,0,0
177,162,43,205,119,119,0,0
178,86,178,264,129,129,0,0
179,135,46,181,85,85,0,0
180,96,147,243,90,90,0,0
181,153,25,178,63,63,0,0
182,115,212,327,59,59,0,0
183,268,0,268,59,59,0,0
184,209,26,235,55,55,0,0
185,180,0,180,65,65,0,0
186,115,30,145,62,62,0,0
187,83,83,166,68,68,0,0
188,98,26,124,78,78,0,0
189,46,96,142,86,86,0,0
190,56,72,128,126,126,0,0
191,2,84,86,164,86,78,0
192,0,256,256,177,177,0,0
193,79,83,162,187,162,25,0
194,0,168,168,284,168,116,0
195,0,186,186,300,186,114,0
196,0,519,519,275,275,0,0
197,244,0,244,246,244,2,0
198,0,275,275,293,275,18,0
199,0,205,205,317,205,112,0
200,0,470,470,271,271,0,0
201,199,114,313,320,313,7,0
202,0,130,130,377,130,247,0
203,0,662,662,423,423,0,0
204,239,20,259,441,259,182,0
205,0,425,425,365,365,0,0
206,60,223,283,387,283,104,0
207,0,265,265,368,265,103,0
208,0,611,611,378,378,0,0